0	M	51	0	68512
1	F	25	6	54127
2	M	28	7	55072
3	F	35	6	21728
4	M	21	2	87325
5	f	-48	1	92445
6	M	11	6	42877
7	f	-53	8	82280
8	F	28	2	47220
9	F	49	6	96946
10	M	45	6	64536-3845
11	M	39	2	04883
12	F	47	7	22101
13	M	38	8	54961
14	F	46	6	24693
15	M	45	1	03393
16	f	11	0	21592
17	F	15	2	19947
18	M	20	7	31459
19	F	19	7	72341
20	F	10	8	55967
21	M	38	8	21816-0628
22	M	24	4	02386
23	M	48	4	44713
24	M	-24	9	07641
25	F	42	3	82770
26	F	52	6	81408
27	F	45	5	34900
28	M	42	6	74535
29	M	45	6	26589
30	M	-42	6	95932
31	M	41	7	84049
32	M	46	9	58996
33	F	-55	6	55288
34	F	24	9	05520
35	M	33	2	93667
36	F	20	5	12700
37	F	19	2	71262
38	M	27	4	53656-5123
39	f	-38	5	72721
40	F	31	1	60381
41	F	48	8	28265
42	m	44	1	43143
43	F	7	3	61194
44	F	33	0	15458
45	F	24	9	86950
46	M	12	9	06001
47	F	28	1	77070
48	F	55	3	71768
49	F	23	1	43472
50	F	22	7	78034
51	m	-35	2	67310-1710
52	F	28	4	81572
53	M	46	6	92405
54	F	52	2	09424
55	F	10	1	20388
56	M	8	6	01763
57	F	43	5	09826
58	M	25	0	16738
59	F	8	6	77926-1041
60	F	33	2	34752
61	F	8	6	43260
62	F	47	3	62552-9014
63	F	44	6	97376
64	F	37	1	35204
65	F	13	2	34147
66	f	41	1	44453
67	M	43	8	65688
68	M	-31	5	51478
69	M	31	7	90854
70	M	51	8	55810
71	F	56	6	88623-0437
72	F	56	0	88338
73	M	23	4	83481
74	F	51	9	57585
75	M	16	2	35684
76	M	25	1	58034
77	F	48	6	87019
78	F	56	0	63087
79	M	33	7	37903
80	M	38	1	75780
81	F	13	1	10445
82	F	35	5	66239
83	M	41	4	94828
84	F	54	7	50418-1461
85	M	53	6	09739
86	F	-16	6	84433
87	F	35	9	59540
88	F	16	9	71836-4321
89	M	51	4	25821
90	m	24	7	59045
91	F	21	4	30106
92	F	27	5	84209
93	F	49	1	53495
94	F	34	7	22780
95	M	26	2	49783
96	M	34	5	82973
97	F	53	0	89835
98	M	54	2	07162
99	F	-19	0	52860
100	f	16	2	81527
101	F	44	4	22764
102	f	30	6	40795
103	F	-48	9	68317
104	F	26	9	31847
105	F	25	9	65427
106	F	-47	4	00962-5908
107	F	11	9	57339-8900
108	F	9	3	81831
109	F	23	1	64169
110	F	38	0	42315
111	F	55	1	70275
112	m	36	0	09993
113	M	7	6	79716
114	f	44	2	65096
115	m	30	0	66923
116	M	19	6	36268-6923
117	M	39	1	25127
118	M	15	5	60626
119	F	23	6	48197
120	F	11	3	81973
121	F	32	3	61403
122	F	25	9	36046
123	F	13	6	84083
124	F	37	8	55920
125	F	15	9	18690
126	F	16	7	61928
127	M	51	1	82211
128	M	7	8	53795
129	M	12	3	10556
130	F	35	5	99476
131	M	-54	5	25102
132	M	50	2	23963
133	m	31	8	01114
134	F	49	3	61081
135	F	36	9	05405
136	M	20	7	22867-2131
137	F	-10	2	86989
138	F	15	6	28438
139	F	33	7	13905
140	F	27	4	84861
141	M	31	5	93531
142	F	19	5	25113
143	M	37	6	39608
144	F	17	4	79166
145	M	35	2	32765
146	F	-38	8	91508
147	M	28	6	75286
148	M	11	4	26857
149	F	39	1	80275
150	M	15	7	87198
151	m	40	3	39204
152	F	18	8	24259
153	M	28	4	03902
154	M	34	4	05000
155	M	10	8	01370
156	F	17	9	04624
157	M	18	0	67565-6382
158	F	36	2	03956-1180
159	M	43	9	63393
160	f	22	2	37331
161	M	34	3	39070
162	M	33	9	79808
163	M	22	6	80176
164	F	22	7	38384
165	F	25	3	32572
166	M	34	5	69476
167	F	29	5	04630
168	F	7	0	47618-2141
169	M	44	5	21003-2896
170	M	54	5	70208
171	M	50	2	67196
172	F	27	6	63408
173	F	16	2	30943
174	M	32	2	24169
175	F	19	2	99420
176	F	33	7	62411
177	M	11	8	76836-0706
178	M	33	4	02089
179	M	40	1	04112
180	f	40	0	18008
181	M	46	7	11820
182	F	17	6	10072
183	F	-36	9	91761-3832
184	F	53	6	13252
185	M	-43	8	93678
186	F	46	2	13776
187	M	16	2	80969-9048
188	F	37	5	82005
189	M	13	6	41354
190	M	37	5	99229
191	F	32	1	14798
192	M	19	0	88244
193	f	47	2	10669
194	m	51	2	52104
195	F	41	3	32561
196	M	13	9	49763
197	M	44	0	95167
198	M	9	6	44238
199	M	9	2	75857
200	F	45	1	80318
201	F	24	4	75624
202	F	26	2	95828
203	M	-56	2	41281
204	m	39	9	59549
205	M	15	5	45729
206	F	55	0	70944
207	M	18	6	00144
208	M	44	7	02247-7051
209	M	23	9	76801
210	M	45	9	80173
211	M	24	7	03849
212	M	20	1	11169
213	M	23	6	31713-2996
214	M	48	8	75513
215	M	41	0	39897
216	F	40	7	23691
217	f	23	7	66961
218	M	30	6	67316
219	M	53	6	31908
220	M	18	7	55257
221	M	-19	6	61993
222	F	45	6	94965
223	F	35	2	53659
224	F	30	2	24445
225	F	30	9	05546
226	F	44	8	64527
227	M	21	1	93320
228	F	52	7	83737
229	M	40	4	00940
230	M	41	7	57796
231	M	50	9	03919
232	F	22	9	58965
233	m	12	4	53279
234	M	42	4	79698
235	M	-26	3	74594
236	f	29	8	65517
237	M	14	4	75487
238	F	46	5	89946
239	F	51	8	58353
240	F	55	4	18284
241	F	30	5	87788
242	M	-42	3	67151
243	f	55	2	84895-6367
244	M	14	8	42060
245	F	56	6	44424
246	M	9	0	23145
247	M	37	5	33669
248	M	-43	3	38701
249	M	7	7	85450-7303
250	F	26	4	18635-7368
251	M	-30	5	79155
252	F	7	4	86633
253	M	55	6	79877
254	f	30	0	04114
255	F	39	9	75365
256	F	-45	9	58953
257	F	-24	4	60760
258	M	-25	2	14447
259	M	32	9	86707
260	f	11	9	77993
261	F	48	9	77281
262	M	42	9	38203
263	F	34	4	24034-6901
264	M	43	4	40495
265	M	8	7	78799
266	m	25	8	92790
267	M	14	1	44721
268	M	47	4	37953
269	M	42	5	80563-7663
270	F	10	5	96157
271	F	50	6	83584
272	F	23	5	61097
273	f	24	6	98789
274	F	26	7	92222
275	m	54	2	62913
276	M	36	4	73204
277	M	39	1	13739
278	M	7	7	35924
279	F	49	7	05771-2675
280	M	25	0	90595
281	M	48	4	44178
282	F	8	0	77929
283	F	-47	6	51156
284	F	-44	7	53845
285	M	33	6	40608
286	M	-49	8	06884
287	F	18	3	57420
288	F	39	8	15488
289	f	34	2	46074
290	F	51	7	07962
291	F	42	6	14902
292	F	48	3	82104
293	M	33	7	18960
294	M	50	9	61165
295	M	10	8	49498
296	f	17	2	10658
297	f	-30	3	42408
298	M	49	3	82885
299	f	11	7	02012-3244
300	F	47	3	92869
301	M	14	2	24572-7856
302	M	28	1	63755
303	F	45	3	16984
304	M	28	7	03633
305	M	-32	0	02297
306	M	56	3	13470
307	f	48	6	60356-3788
308	F	36	4	81821
309	M	21	2	78188
310	F	33	5	95566
311	F	25	3	93452
312	M	52	8	05137
313	F	22	2	22783
314	F	41	3	78640-9218
315	F	40	0	83205-2462
316	F	15	9	03912
317	M	43	2	12902
318	F	41	7	41363
319	F	46	3	43400-5757
320	F	25	0	39839
321	F	24	6	75400
322	F	38	6	68637
323	F	27	0	11348
324	F	39	6	08474
325	M	7	6	34042
326	M	22	3	89409
327	M	45	2	62029-7882
328	F	10	7	22152-7263
329	M	28	4	56485
330	M	11	7	10873-4821
331	F	8	5	97457
332	M	35	9	33783-9312
333	F	29	7	47897
334	F	54	6	04840
335	M	46	0	57352
336	F	36	6	14131
337	m	20	1	90312
338	F	14	9	57036
339	F	37	4	68238
340	F	-51	3	11249
341	M	53	0	75220
342	F	20	8	42348
343	M	34	1	03368
344	M	26	1	51286
345	F	24	8	49870
346	M	41	3	86676
347	F	-9	9	61878
348	M	34	2	29158
349	F	37	7	71871
350	m	24	3	71967
351	F	42	4	91829
352	M	26	0	01405-0289
353	M	33	8	89029
354	m	7	8	10183
355	M	44	2	06875
356	F	36	7	67624
357	M	56	0	42428
358	M	15	1	05295
359	M	38	8	50442
360	F	-24	0	34844
361	M	-28	4	35782
362	F	25	3	10334
363	F	52	8	64181
364	F	28	4	90165
365	M	22	3	01409
366	F	14	9	97972-5769
367	M	21	3	60920
368	M	12	7	90856
369	F	48	9	77467-6853
370	M	11	2	65094-2186
371	M	38	6	29227
372	F	56	5	85289
373	F	44	3	26544
374	F	26	9	63221
375	M	30	7	09595
376	F	27	3	45226-4594
377	F	24	4	89505
378	M	38	2	02060
379	M	34	7	87388
380	M	27	9	41528
381	F	34	9	73549
382	F	18	1	80707
383	F	25	6	60111
384	M	39	3	95424
385	M	27	2	55693
386	M	19	3	57277
387	F	54	7	07045
388	F	15	2	74927
389	F	11	3	54167
390	M	35	8	57150
391	F	-15	6	86560
392	M	11	2	98179
393	M	32	2	36080
394	M	47	5	48068
395	M	53	6	79823
396	M	40	7	85130
397	F	12	6	63622-7386
398	M	13	4	80225
399	F	8	0	09232
400	F	42	4	08727
401	M	48	6	11425
402	M	36	8	88199
403	M	53	0	48470-5173
404	F	-53	1	48148
405	F	52	8	25169
406	M	15	7	35350
407	M	27	5	33945
408	F	49	4	81016-0130
409	M	22	9	65305
410	M	36	5	88181
411	M	33	7	40934
412	F	52	6	74168
413	M	-34	0	39963
414	M	39	4	61717-3666
415	F	43	6	52940
416	F	43	2	08056-6937
417	F	-52	6	73083
418	M	16	7	84355-9216
419	M	23	6	57465
420	F	49	5	14422
421	M	40	4	08568
422	M	13	3	69346
423	F	34	0	16366
424	M	21	0	42337
425	M	48	0	82880
426	M	54	9	36992
427	M	30	4	19193
428	M	45	9	16107
429	M	29	4	84047
430	m	19	2	09987
431	M	40	4	09779
432	f	8	6	91069
433	F	36	0	61433
434	F	51	3	66373
435	M	23	8	97357
436	M	48	0	54717
437	F	54	7	72615-1973
438	m	49	8	19710
439	F	-42	6	89436
440	M	40	3	39614
441	F	12	4	09858
442	F	42	4	64560
443	F	45	5	24133
444	F	46	2	08114
445	F	39	0	99753
446	F	49	3	59846
447	M	8	1	98035
448	f	9	5	55992-7885
449	F	10	5	27618
450	M	17	8	83480
451	M	-38	1	44489-8858
452	F	16	1	15000
453	m	29	5	35784
454	M	27	8	36994-7558
455	m	19	7	99465
456	M	20	1	31971
457	M	24	1	01693
458	M	31	9	30577
459	F	23	5	89746
460	F	-8	6	22970
461	M	48	0	14207
462	F	51	3	56788
463	F	11	7	40534
464	M	8	9	35913-6979
465	F	50	9	22438
466	F	52	0	21367
467	F	46	7	96649-8092
468	M	24	9	61726
469	M	-29	6	46147-9667
470	f	54	3	90513
471	M	36	4	08538-8143
472	F	23	5	90827
473	F	34	3	77596-9580
474	F	49	0	07885
475	M	26	2	64889
476	M	23	3	63238
477	M	15	9	54733
478	M	40	1	47206
479	M	34	2	98981
480	f	-39	8	69064
481	M	22	8	90330
482	F	22	7	83258-7245
483	M	55	3	03486
484	M	10	4	90126
485	F	23	8	15907-8082
486	F	40	4	18429
487	M	7	1	79926
488	M	40	9	98851
489	M	7	8	04821
490	F	-15	8	86009
491	M	25	4	66173
492	F	40	6	38341
493	M	-53	2	26302
494	M	50	4	61824
495	F	13	3	36693
496	F	13	7	01425
497	F	7	9	93600
498	M	-15	9	84751
499	M	24	4	04038
500	F	-47	8	55041-2601
501	M	39	5	45805
502	M	56	9	63521
503	F	52	1	49492
504	M	35	8	20351
505	M	8	1	70393
506	M	41	2	32623
507	M	-54	6	94499
508	F	51	5	72430
509	F	46	2	97788
510	F	39	4	71925
511	F	35	5	63259
512	F	13	2	94092
513	M	46	6	45158
514	M	33	2	03277
515	F	8	3	22123
516	F	46	2	01231
517	F	34	0	71375
518	F	15	5	14137-4254
519	f	-52	2	22871
520	M	-50	5	39816
521	F	7	0	56000
522	M	23	6	81638
523	M	16	7	05319
524	F	40	0	06669
525	F	22	2	02390
526	F	52	6	43342
527	F	33	1	28341
528	F	10	4	64610
529	F	9	5	30812
530	F	50	5	33463
531	F	38	1	56952
532	F	42	9	52616
533	M	-25	2	18973
534	M	-37	2	53812
535	f	7	2	54307
536	F	52	8	54997-6798
537	M	24	0	13142
538	f	16	2	18417
539	F	-16	8	00381
540	M	-27	2	57264
541	M	23	7	26000
542	F	38	6	80099
543	M	-56	8	94754
544	F	19	4	15066
545	M	23	1	55837-0934
546	M	29	9	46380
547	m	20	4	51840
548	F	-50	6	45637
549	F	45	3	40612
550	F	21	1	20072
551	F	35	2	22280
552	M	8	4	57350-4036
553	F	38	5	51320
554	F	35	3	42834
555	F	36	7	18700
556	F	48	4	19848
557	M	23	7	00590
558	F	38	8	12812
559	M	55	9	84812
560	M	20	8	60129
561	F	14	6	84835
562	F	31	0	80899
563	M	41	0	48889
564	M	36	5	95974
565	F	34	6	48936
566	M	13	8	61995
567	M	9	3	46003
568	M	17	6	59281
569	F	35	1	71141
570	M	-27	1	18722-9321
571	F	49	5	07233
572	F	37	9	30820-2524
573	M	25	7	16778
574	F	-9	7	60667
575	F	34	8	93870
576	F	46	4	12554
577	M	56	1	33943
578	F	27	7	26647
579	F	44	7	73624
580	M	27	9	64127
581	F	54	1	86952
582	M	-14	3	88964
583	M	52	2	49957
584	F	31	4	36664
585	F	40	6	50188
586	M	30	4	46934
587	m	31	4	23860-3286
588	M	50	7	75443
589	F	21	0	30252
590	F	9	3	14048
591	F	56	5	69523
592	M	15	8	95236
593	M	17	6	55162
594	F	40	7	62931
595	F	23	2	23587
596	f	53	8	39662
597	M	-44	5	53811
598	F	8	3	10150-9919
599	F	14	0	61890-1934
600	M	56	4	72536
601	f	21	7	43620
602	F	29	6	11080
603	m	26	7	26992
604	M	12	2	13930
605	m	23	2	68281
606	F	39	3	01438-5723
607	F	50	9	13945
608	M	19	7	72391-9801
609	F	40	0	79163
610	M	15	0	20271
611	F	33	5	15023
612	F	29	7	25149
613	F	56	5	22568-3893
614	M	-42	8	28113
615	M	41	3	37218
616	F	38	6	90795
617	F	30	6	64649
618	F	29	4	06655
619	m	53	1	11128
620	M	33	1	51735
621	M	43	9	70821
622	M	19	6	84692-8214
623	M	44	0	54908
624	M	-39	9	10428
625	f	15	0	82494
626	F	18	7	99584
627	M	42	0	82033
628	F	13	2	52932
629	M	8	4	24932
630	F	50	1	52797
631	F	16	1	74535-8757
632	F	25	5	27821
633	F	-18	8	91899
634	f	16	7	77347-6703
635	M	46	1	50191
636	M	13	7	70984
637	F	42	6	49465
638	F	44	0	29599
639	M	-53	9	59536
640	M	10	4	00979
641	F	12	8	41127
642	F	50	1	35889
643	f	36	1	67208
644	F	8	6	88143
645	M	54	7	61765
646	F	-42	1	63725
647	F	44	7	35077
648	F	29	8	78716
649	F	18	1	64173
650	M	-41	9	09825-6178
651	M	-39	0	12441
652	M	25	6	15519
653	m	-40	3	03511
654	M	8	9	69703
655	F	30	9	73935
656	M	-18	3	11508
657	F	24	1	91402
658	F	25	8	13861
659	F	7	4	22260
660	M	-34	9	52325
661	M	34	4	68159
662	F	55	9	52936
663	F	48	0	70345
664	F	20	6	65634
665	M	49	8	27230
666	F	29	4	69908
667	F	-51	1	07885
668	F	18	0	10889-8491
669	F	43	7	58039
670	F	22	0	68122
671	F	48	2	74356
672	M	9	8	31917
673	M	14	4	03361
674	m	41	2	92675
675	M	7	6	52246
676	F	41	5	35835
677	M	16	7	81951
678	f	23	0	64890
679	M	35	9	22748
680	F	27	2	27223
681	F	53	2	09658
682	M	40	1	80303
683	M	24	4	12480
684	M	18	0	76373
685	F	23	1	29662-0527
686	M	47	8	98658
687	M	43	9	17794
688	F	25	7	16695
689	f	52	1	16044-3575
690	F	-24	5	71102-3310
691	F	35	7	05656
692	F	32	1	00282-4549
693	F	7	8	79465
694	M	41	6	17265
695	m	32	8	23496
696	M	41	9	02586
697	M	-27	0	22360
698	F	24	4	55156-5402
699	M	51	9	71784
700	M	35	3	65408
701	F	54	6	24474
702	f	19	7	13593
703	M	29	9	51514
704	M	48	7	88251
705	M	24	0	97072
706	F	12	9	34211
707	F	50	3	91297
708	M	-46	6	59377-3872
709	F	51	9	93028
710	F	37	1	44637
711	F	18	8	62562
712	f	14	0	08546
713	F	53	6	15072
714	M	-27	6	72769
715	f	-23	5	42570
716	F	15	8	08003-0790
717	F	39	6	51169
718	F	8	6	60977
719	F	-10	9	82995
720	M	16	1	08081-9653
721	F	25	0	19613
722	F	8	2	62241
723	M	27	4	68599
724	F	25	6	61311
725	f	49	3	89062-2966
726	f	27	8	64885
727	M	18	6	61883
728	f	27	8	60992
729	f	28	5	11306
730	M	13	9	03239
731	f	18	2	05545
732	F	43	4	99706
733	F	30	8	10900
734	F	7	0	90637
735	M	13	8	34951
736	F	56	1	18140
737	F	11	1	44941
738	F	44	8	74198
739	F	13	9	80233
740	F	18	3	44239
741	F	-15	2	01773
742	F	46	6	07522
743	M	27	9	00959-0804
744	M	48	6	71655
745	F	39	2	22789
746	F	19	8	92445
747	F	44	5	88229
748	M	52	8	10940
749	M	43	7	06636
750	f	42	1	48265
751	F	52	1	02202
752	m	-37	3	34720
753	M	43	5	45216
754	M	47	4	35809
755	M	52	6	21871
756	F	17	4	15045-2708
757	m	34	9	25656-8120
758	F	23	3	31341
759	M	55	2	02159
760	F	51	9	82427
761	M	24	9	31776
762	F	39	8	89946
763	M	52	2	90540
764	M	35	5	86474
765	F	-38	5	56134
766	M	24	4	93856
767	F	18	7	00956
768	m	38	0	38892
769	M	26	6	01267
770	M	17	7	18271
771	M	-7	3	83161
772	F	29	8	05346
773	F	25	3	87335
774	m	22	3	82123
775	F	29	4	14917
776	M	29	8	21501
777	f	44	3	03856
778	M	11	3	89376
779	F	49	4	86476
780	F	54	6	85171-8253
781	F	54	6	22661
782	F	27	7	93337
783	M	43	1	61841
784	M	43	3	13714
785	F	34	7	25248
786	M	39	8	72927
787	M	16	4	23891
788	F	8	6	23759
789	M	7	9	26784-6461
790	F	-38	4	96644
791	M	51	6	81718-7310
792	F	-43	9	82729-5018
793	M	18	5	78056
794	M	32	8	14721
795	M	10	4	48231
796	F	-40	4	79060
797	M	46	3	17470
798	F	40	4	46506
799	M	30	9	78387
800	F	-8	8	62854
801	M	50	7	88251
802	M	13	0	11239-8609
803	F	14	4	39068
804	M	7	5	55598
805	M	55	2	58669
806	F	47	0	55148
807	M	10	2	52001
808	f	22	0	46237
809	F	12	9	56410
810	M	35	3	19985-0661
811	M	-9	3	54381
812	F	54	3	95673
813	F	51	5	69357
814	M	41	7	61704
815	M	-8	8	75353
816	M	47	2	58209
817	F	41	8	14329
818	M	34	9	39789
819	F	7	1	06968-9788
820	M	25	0	39730
821	m	18	1	33179
822	F	32	9	22186
823	M	25	0	83031
824	M	35	5	91606
825	M	17	7	13778
826	M	-40	1	22147
827	F	46	2	34255
828	F	16	5	29948
829	m	30	6	13572
830	m	-14	1	85937
831	F	19	8	92825-8763
832	F	53	9	24407
833	F	35	3	33969
834	F	40	2	89083
835	M	27	9	32059
836	M	43	5	56475
837	F	26	3	98159
838	M	-34	4	16153
839	f	20	4	49856
840	f	35	6	16269
841	M	26	1	64830
842	F	20	3	90244
843	F	54	1	76384
844	M	45	9	60861
845	M	51	0	50927
846	m	15	1	86168
847	f	51	3	40439
848	F	48	1	08704
849	M	20	1	12637
850	F	36	3	58682
851	F	23	2	20314-4947
852	M	30	8	12686-3701
853	M	40	8	62249
854	M	39	2	16870
855	f	-40	9	58050
856	M	22	3	97435
857	F	10	1	35079
858	M	12	9	81839
859	F	27	6	21688
860	M	39	7	39211
861	F	34	4	59414
862	M	15	1	11142
863	F	38	4	57306
864	M	46	9	79665
865	F	38	5	40134
866	F	53	0	50484
867	M	52	3	07860
868	F	12	1	66953
869	f	28	9	11598
870	M	29	0	42221
871	M	40	5	75003
872	F	-27	6	23729-3673
873	F	44	6	01832-3771
874	M	33	8	82082-0944
875	M	25	3	05650
876	F	30	7	91291
877	m	-21	7	34054
878	F	37	0	45366-8041
879	F	9	7	12418-6844
880	M	-46	3	29395
881	F	-31	2	09586
882	F	22	9	61883
883	m	40	2	14608
884	F	54	2	12281
885	f	-50	5	21110
886	F	25	3	81843
887	M	31	3	61745
888	F	47	9	52140
889	F	-53	8	07402
890	F	9	9	95327
891	M	-7	5	88461
892	M	47	9	33879-8456
893	M	16	9	14122
894	M	-52	0	65857
895	F	-8	2	15362
896	f	31	9	53917
897	F	50	5	26944
898	F	38	5	17568
899	F	16	8	77053
900	M	32	4	21899
901	F	42	0	86022
902	F	49	0	84024
903	M	47	4	94189
904	F	41	6	47213
905	M	23	4	13948
906	F	39	3	93178
907	F	42	8	53125
908	M	49	5	32824
909	M	-44	8	08228
910	F	-36	3	93832
911	M	14	6	50642
912	F	16	0	40778
913	M	54	3	32378
914	M	10	6	75807-4127
915	F	-46	4	93358-7983
916	M	47	8	73318
917	M	8	1	55313
918	M	37	8	55346
919	M	48	5	66899-9914
920	F	46	8	58137
921	M	29	3	13699
922	M	32	6	78316
923	m	36	9	59065
924	M	42	7	29037-8195
925	F	29	4	89902
926	M	47	1	68802
927	m	45	6	70826
928	F	30	7	64875-7944
929	F	54	2	09292
930	M	52	5	00289
931	F	10	5	07508
932	F	31	0	36079
933	m	10	4	98085
934	F	-19	2	49946
935	F	20	6	63422
936	F	33	3	47420
937	m	41	4	18814
938	F	55	4	62148
939	F	36	4	89084
940	M	12	6	05479
941	M	19	3	34853
942	F	-40	1	23506-3737
943	F	22	5	79826
944	F	-14	5	82286-5084
945	M	33	4	05972
946	F	-42	6	15456
947	M	9	7	38014
948	M	46	7	58694
949	M	11	2	63617
950	M	24	5	97521
951	M	49	9	16954
952	F	33	6	06563
953	M	9	5	85092
954	M	49	3	45689
955	F	32	2	04924
956	M	53	4	66142-2953
957	F	10	8	18764
958	F	-11	5	54689
959	M	-53	5	49224-6687
960	F	-52	3	70860
961	M	46	2	06808
962	F	34	5	12426
963	F	40	0	76266
964	F	9	3	02544
965	M	38	7	69908
966	M	-44	6	59280
967	M	34	3	52143
968	F	36	3	34709
969	F	50	2	75771
970	F	36	9	76678
971	M	48	8	67179
972	F	12	6	51540-6456
973	F	53	0	05510
974	F	29	9	99431
975	F	42	2	91060
976	F	15	4	44828-0974
977	F	14	9	62920
978	M	8	8	09654
979	F	24	9	29545
980	M	53	8	82677-1699
981	M	23	3	97931
982	F	14	6	29408
983	F	52	9	58669
984	F	56	3	98321
985	M	42	7	27012
986	M	40	2	58323
987	m	23	9	53590
988	F	24	8	38061
989	F	29	6	46122
990	F	36	2	69158-4109
991	M	20	5	51352
992	f	35	0	46662
993	F	-12	7	23442-0312
994	M	8	9	73022
995	M	47	0	29040
996	M	31	9	84201
997	M	48	2	90232
998	M	15	5	98960-2947
999	F	19	2	23365
1000	M	-26	8	89761
1001	F	30	9	01915
1002	F	35	9	16154
1003	F	-21	7	38578-3038
1004	f	39	7	49570
1005	M	7	4	13575
1006	M	18	4	01582
1007	F	16	6	27659
1008	F	20	8	10704
1009	M	31	2	14344
1010	M	15	7	67499
1011	F	46	9	21222
1012	M	-18	2	79559
1013	M	15	8	56167
1014	M	33	4	89590
1015	M	18	2	05951
1016	M	43	0	60836
1017	M	34	3	70016
1018	F	42	9	17318
1019	F	-16	1	89299
1020	M	13	2	70937
1021	F	31	5	50099
1022	F	36	1	69794
1023	M	29	1	38887-7901
1024	M	20	1	12829
1025	M	53	6	38150
1026	f	46	6	63715
1027	F	-56	0	30605
1028	M	48	8	23474
1029	M	51	1	68036
1030	F	34	4	94898
1031	M	44	1	90114-2530
1032	m	20	2	91043
1033	M	52	5	05823
1034	F	14	8	23432-1056
1035	F	42	0	55560
1036	f	51	2	80966-2591
1037	F	31	0	43660
1038	M	54	8	79965-1566
1039	F	24	5	06080
1040	F	35	8	24321
1041	M	8	8	72350
1042	m	36	0	94151
1043	M	42	5	57361
1044	f	26	6	15806
1045	F	12	4	16907
1046	m	-32	9	40770-9456
1047	F	15	8	05728-5887
1048	M	21	5	48138
1049	M	50	1	50883
1050	M	22	7	43054
1051	M	-17	5	27568
1052	F	31	3	84838
1053	F	37	6	62858
1054	M	23	1	59000
1055	f	18	9	87626
1056	m	43	2	76586
1057	M	31	7	06838
1058	F	8	2	55689
1059	F	20	7	04587
1060	F	17	3	65669
1061	F	46	9	20848
1062	M	-33	2	44849
1063	M	56	8	92703
1064	M	15	2	41359
1065	M	9	9	72254
1066	F	-13	4	48666
1067	M	52	2	18813
1068	M	12	3	03410
1069	M	42	5	22347-3014
1070	F	31	0	76666
1071	M	15	1	04100
1072	M	22	9	11013
1073	F	51	3	21506
1074	M	38	5	87609
1075	F	56	1	95785
1076	F	34	6	59068
1077	M	56	4	16962-4197
1078	F	38	1	92991-5201
1079	M	55	2	97203
1080	m	52	9	32798
1081	M	56	1	05357
1082	F	18	9	04891
1083	m	22	5	82553
1084	M	28	4	43472
1085	M	14	9	55790
1086	m	22	9	72248
1087	M	-55	1	59449
1088	M	30	2	11302
1089	F	54	4	50468
1090	M	45	0	86890
1091	M	41	8	63733
1092	F	-19	9	64417
1093	M	55	5	35637
1094	F	52	4	67985
1095	F	41	7	95890
1096	F	21	8	86295
1097	M	13	2	76382
1098	M	37	5	60289
1099	F	38	5	40487
1100	M	20	0	80485
1101	m	45	0	22514-1242
1102	F	38	6	94374-4591
1103	M	-26	7	66531
1104	F	18	1	61710
1105	M	49	1	38858
1106	m	39	4	45697
1107	F	-22	3	78915
1108	m	15	1	05142
1109	M	-7	0	78752
1110	F	-52	0	01928
1111	F	49	5	73154
1112	F	18	4	98970
1113	F	43	5	06072-7258
1114	M	46	9	16922-3669
1115	M	50	1	71960
1116	M	44	4	87298
1117	F	10	5	22016
1118	F	-54	9	84706
1119	M	49	0	32807
1120	M	47	1	26993
1121	F	-8	6	25666
1122	M	22	4	72996
1123	F	-17	0	69880
1124	M	9	3	65061
1125	m	19	9	27291
1126	F	39	1	14574-0666
1127	f	7	6	85667
1128	M	49	6	13057
1129	F	13	1	00726
1130	F	49	9	25352
1131	F	14	3	74120
1132	F	56	1	70214
1133	F	31	0	89138
1134	F	39	2	61148
1135	M	25	4	36609
1136	M	52	6	75422
1137	F	34	3	52463
1138	F	48	9	29266
1139	f	25	2	39951
1140	F	42	9	69917
1141	F	25	5	55756
1142	F	47	2	71073
1143	M	41	3	92863
1144	M	19	8	74342
1145	M	38	5	65949
1146	M	16	8	38381
1147	M	40	4	34304
1148	f	-38	7	67478
1149	m	22	4	88159
1150	F	50	4	15205
1151	F	8	0	86422
1152	F	-46	5	23621
1153	M	43	2	21198-6721
1154	M	7	3	60664
1155	F	43	2	38802
1156	M	31	4	98671
1157	F	25	3	29807
1158	F	30	1	55843
1159	M	16	6	48867
1160	M	34	1	91172
1161	F	-44	3	48466
1162	M	20	0	83810
1163	m	44	9	31906
1164	M	26	7	55193
1165	M	22	6	93836
1166	M	39	7	72631
1167	F	50	1	18820
1168	M	34	8	21148
1169	F	12	0	31735-4850
1170	F	53	8	67625
1171	M	19	5	00751
1172	m	8	4	12956
1173	M	12	8	67916
1174	F	26	2	15090
1175	m	45	0	15480
1176	F	47	4	83720
1177	M	31	1	29865
1178	M	-29	6	14518
1179	M	48	7	05103
1180	M	20	4	62460
1181	M	13	0	04344
1182	F	47	9	38604
1183	M	51	2	49029
1184	M	44	8	18266
1185	M	50	4	64962
1186	F	49	4	50225
1187	M	33	6	01301
1188	F	-7	9	84778
1189	F	-36	5	14514
1190	F	55	3	86303-4911
1191	F	56	0	11710
1192	F	34	1	99570
1193	M	56	8	16510
1194	M	42	7	43209
1195	M	7	1	02882
1196	M	28	5	86857
1197	M	25	9	09940
1198	F	27	6	61120
1199	F	32	5	10594
1200	M	21	7	23550
1201	F	47	6	17625
1202	M	46	3	77680
1203	M	30	6	40047
1204	F	16	0	19218
1205	F	35	3	71279
1206	F	-47	0	95600
1207	F	22	5	98501
1208	F	39	8	11809
1209	M	37	5	17521
1210	f	39	2	66835-7594
1211	F	37	8	84320
1212	M	39	7	75126
1213	M	-47	0	95178
1214	M	13	5	93226
1215	F	41	7	81518
1216	F	34	2	04331
1217	F	54	5	38015
1218	M	49	8	00365-7772
1219	F	18	5	58796
1220	M	44	7	34633
1221	F	12	0	58052
1222	M	41	0	91037
1223	F	33	2	09674
1224	F	21	1	49158
1225	M	10	9	61792
1226	F	35	5	31230
1227	f	33	6	32286
1228	M	23	2	82068
1229	M	34	6	23859
1230	F	55	9	78256
1231	M	17	6	51888
1232	M	51	5	00415
1233	m	41	8	62367-7299
1234	F	56	2	03172
1235	F	46	7	30756
1236	F	18	0	05946
1237	M	38	7	53054
1238	M	-37	3	46113-5947
1239	F	54	1	44972
1240	M	42	4	67767-9219
1241	F	-25	4	87495
1242	M	51	0	17712
1243	f	25	6	88067
1244	F	22	5	00367
1245	F	51	3	50331
1246	M	54	0	11129
1247	F	12	0	02821-9604
1248	F	16	3	76209
1249	M	26	7	60212
1250	M	39	8	78858
1251	M	23	5	54840
1252	f	9	0	11353
1253	M	13	6	17670
1254	M	11	5	57810
1255	F	36	8	31825
1256	F	10	3	21085
1257	M	10	1	55751
1258	F	27	6	16762
1259	M	36	4	55151
1260	F	22	3	85229
1261	F	35	8	86667
1262	F	50	9	67710
1263	F	29	7	68924
1264	F	12	0	19263
1265	F	41	9	64624
1266	F	51	5	39725
1267	M	35	3	78611-7407
1268	F	37	7	23555
1269	F	45	8	13233
1270	m	41	0	55611
1271	f	51	0	76233
1272	M	56	9	35026-3747
1273	M	-41	0	15399
1274	M	46	5	36034
1275	F	43	0	81849
1276	M	34	3	14776-4779
1277	M	41	9	13251
1278	M	11	3	82574
1279	F	16	7	89197
1280	F	27	9	97226
1281	F	23	2	40898-2156
1282	M	35	8	05087
1283	F	7	0	31080
1284	M	14	0	61017
1285	M	15	5	02668
1286	M	22	6	64927
1287	M	-47	3	11524
1288	F	51	1	25193
1289	M	49	0	84880
1290	M	8	5	29039
1291	M	19	0	58639
1292	F	7	8	28154
1293	F	47	0	30138
1294	M	11	3	74966
1295	M	9	8	60517-7541
1296	F	22	3	20482-3903
1297	M	36	2	47401
1298	F	-52	9	97222
1299	F	35	9	13079
1300	F	54	9	45954
1301	M	53	3	13754
1302	M	38	6	36791
1303	M	17	1	57805
1304	F	46	8	61633
1305	F	9	9	54757
1306	m	37	0	77601
1307	f	-30	1	18648
1308	M	29	4	38958
1309	M	-26	1	73180
1310	F	-22	8	70343
1311	F	37	4	08159
1312	F	32	8	47241
1313	M	52	2	40882
1314	M	39	8	70605
1315	M	27	6	62588
1316	M	10	2	67658
1317	M	34	9	88978
1318	M	-55	2	66396
1319	F	34	0	38831
1320	M	11	1	48875
1321	M	43	3	06750
1322	M	53	6	56476
1323	F	26	4	24172
1324	M	10	9	18385
1325	M	16	4	84689
1326	F	51	2	46377
1327	M	24	2	84882
1328	F	50	9	94100
1329	M	9	3	99161
1330	F	31	6	53060
1331	M	16	1	32199
1332	f	15	3	03259
1333	F	34	1	26870-3427
1334	M	13	1	02420
1335	m	45	8	46021
1336	F	-27	2	40664
1337	F	55	4	63077
1338	F	47	4	02451
1339	M	27	5	53100-5531
1340	M	19	1	24870
1341	F	52	3	05874
1342	F	7	7	53421
1343	F	29	3	06501
1344	F	17	7	99905
1345	F	14	0	32355
1346	F	42	8	20646
1347	F	23	9	74733
1348	F	13	6	24282
1349	M	14	4	58147
1350	F	40	1	99511
1351	M	47	6	88522
1352	F	13	8	65858
1353	M	12	7	57133
1354	F	31	6	01311
1355	m	55	5	36286
1356	M	36	0	49179
1357	F	23	0	63034
1358	F	40	1	76601
1359	M	-36	4	67004
1360	m	52	2	39284
1361	M	48	2	83251
1362	M	41	5	92137
1363	F	25	1	67227
1364	M	10	4	55511
1365	M	56	7	63497
1366	F	42	6	21192
1367	F	8	7	80458
1368	M	39	1	26673
1369	F	14	4	24804
1370	M	36	7	75063
1371	M	19	7	35711
1372	M	13	8	34351
1373	F	11	4	40510
1374	f	10	8	53937
1375	M	48	4	32203
1376	M	44	8	49149
1377	M	40	7	84780
1378	M	37	7	11507
1379	F	11	5	14603
1380	M	21	8	64976
1381	F	-46	9	33712
1382	M	39	6	47642
1383	F	56	6	50910
1384	F	39	7	08995
1385	M	36	5	64801
1386	F	47	4	68783
1387	M	8	4	62044
1388	M	50	7	57961
1389	F	51	1	91406
1390	M	48	5	33289
1391	F	42	5	58971
1392	M	43	1	74848
1393	M	22	2	41215
1394	M	44	7	70440
1395	F	48	8	15319-0125
1396	M	49	1	00452
1397	F	50	1	17899
1398	M	25	9	03690
1399	F	33	1	67977
1400	F	51	5	80247
1401	M	39	4	43000
1402	F	21	9	35838
1403	M	26	3	20265
1404	F	35	3	30138
1405	M	21	3	85316
1406	F	46	4	10041
1407	F	27	9	21665
1408	F	26	0	64675
1409	M	38	3	90509
1410	M	36	1	22809
1411	F	10	8	61544
1412	M	-37	7	83180
1413	M	-23	2	30462-7627
1414	M	28	1	99344
1415	f	9	3	19160
1416	F	36	5	20662
1417	M	8	3	25255
1418	M	24	2	32715
1419	M	18	4	90803
1420	F	14	0	48403
1421	M	29	5	51017
1422	M	9	7	07593
1423	m	40	6	18521
1424	F	-40	7	04259
1425	F	44	1	43069
1426	M	28	6	00565
1427	M	49	3	10007
1428	M	18	6	54915
1429	m	-27	1	64558
1430	M	-47	3	92717
1431	M	25	0	28535
1432	M	20	1	23711
1433	M	7	4	81428
1434	f	11	1	64548
1435	M	10	6	80545
1436	M	15	3	09385
1437	F	35	5	26297
1438	F	16	7	10179
1439	M	19	4	05249
1440	F	51	4	43850
1441	F	10	5	38345
1442	M	43	4	78740
1443	F	43	7	35117
1444	M	22	1	86048-0059
1445	M	45	0	11668
1446	F	-52	1	24641
1447	M	34	4	37808
1448	m	31	2	69401-2100
1449	M	31	5	87778-0477
1450	M	9	7	97954
1451	f	55	1	18858
1452	F	43	8	90147
1453	F	30	7	64714
1454	F	23	4	67831
1455	F	49	0	66872
1456	M	47	2	16663
1457	M	-20	7	21936
1458	M	14	5	38308
1459	F	18	3	32110
1460	M	29	8	82752
1461	F	-28	4	03233
1462	m	51	3	07013
1463	M	24	4	99487
1464	F	8	8	19717
1465	F	-33	9	52115-9136
1466	m	48	2	11624
1467	M	53	8	36223
1468	M	38	1	72770
1469	M	15	7	02915
1470	F	-51	7	50553-3481
1471	M	12	4	55845
1472	M	21	0	16138
1473	M	39	2	01114
1474	F	14	3	10433
1475	m	49	2	40206
1476	M	45	1	19198
1477	M	56	0	84049
1478	m	37	2	26561
1479	F	22	6	32391
1480	M	54	7	96239
1481	m	22	4	56764
1482	m	17	2	23742
1483	F	-50	4	11845
1484	M	-16	6	70581
1485	M	53	6	69757
1486	M	16	1	65390
1487	M	44	4	37073
1488	F	8	8	84739
1489	F	22	8	13023
1490	M	9	6	21020
1491	M	34	7	14376-9901
1492	M	54	9	69737
1493	M	48	7	26611
1494	M	44	9	19219
1495	F	16	4	49290
1496	M	7	9	80149
1497	m	54	1	45578
1498	F	48	8	07331
1499	M	13	6	97066
1500	m	42	0	62482
1501	F	49	8	41428
1502	F	56	7	68460
1503	F	53	2	96881
1504	F	46	0	95368
1505	M	15	3	80547
1506	F	13	3	81021
1507	M	18	7	69024
1508	F	40	8	35746
1509	F	38	9	61072
1510	M	12	3	06027
1511	M	-48	5	35630-7358
1512	M	39	8	74776
1513	F	34	1	61498-3745
1514	M	35	5	78442
1515	F	37	5	00024
1516	F	26	7	76051
1517	F	16	2	81241
1518	F	52	5	41500
1519	m	-44	0	00659
1520	M	49	1	03006
1521	F	35	0	37816
1522	M	18	0	47752
1523	M	7	1	89024
1524	F	36	9	69050
1525	F	23	0	59788-9183
1526	M	18	4	57410
1527	F	42	7	56325
1528	M	14	4	74483
1529	M	28	0	54121
1530	F	54	3	16575
1531	F	29	9	29256
1532	F	41	9	62241
1533	F	26	6	35895
1534	M	36	8	72083
1535	F	28	4	15395
1536	M	12	1	52412
1537	M	25	8	73600
1538	F	41	6	20179
1539	F	37	1	91172
1540	F	34	9	72128
1541	F	56	7	64056-5550
1542	F	-48	9	89951
1543	F	26	1	57962
1544	M	7	5	13853
1545	M	9	0	40023
1546	F	21	0	78749
1547	F	50	5	62547-2910
1548	F	31	1	62624
1549	F	17	8	45020
1550	M	30	2	61981
1551	f	31	9	74495
1552	M	39	5	10440
1553	F	11	0	16635
1554	F	19	7	15195
1555	F	12	6	46760-4007
1556	F	31	6	68089
1557	F	56	2	35547
1558	M	44	1	86791
1559	M	20	5	26310
1560	M	22	8	47871
1561	M	17	0	14815
1562	F	51	9	51998
1563	M	15	3	49565
1564	F	35	4	34091
1565	M	10	7	92719-6067
1566	F	55	3	52216
1567	F	46	5	22091-5026
1568	F	38	0	86477
1569	M	56	8	08678
1570	F	-48	3	13721
1571	f	14	6	20241
1572	M	12	3	62781
1573	F	43	2	77886
1574	M	46	2	20288
1575	F	12	8	09851
1576	f	10	2	05736
1577	F	18	2	85817
1578	M	16	7	20231-7288
1579	M	16	2	90578
1580	M	27	5	59018-9568
1581	F	22	4	28194
1582	M	42	3	77300
1583	m	22	4	50740-5321
1584	F	28	7	16342
1585	F	12	1	67761
1586	F	49	1	18315
1587	M	24	6	85185
1588	m	-33	3	84477
1589	F	7	6	28375
1590	F	46	2	50970
1591	M	37	8	79968
1592	M	52	1	66948
1593	M	45	8	29180
1594	F	-19	3	35804
1595	F	40	3	05367
1596	F	44	2	04964
1597	M	12	2	57220
1598	M	27	3	06790-2743
1599	F	26	0	44479
1600	M	23	9	03585-1563
1601	m	9	9	87988
1602	M	30	0	16105
1603	M	44	1	88885-3540
1604	F	41	4	81481
1605	M	37	5	46025
1606	M	9	7	34705-0159
1607	F	23	5	92685
1608	F	37	5	60743
1609	F	52	5	27651
1610	M	35	7	61973-3317
1611	M	37	0	41877
1612	M	16	6	88451
1613	F	8	3	71718
1614	F	31	2	33710
1615	f	23	0	61389
1616	F	28	9	73678
1617	F	52	5	56905
1618	M	-18	8	13043
1619	f	27	3	65371
1620	m	52	1	65221-1279
1621	M	19	0	13577
1622	M	21	6	64226
1623	F	36	8	19437
1624	M	39	6	27942
1625	M	-28	8	36620
1626	F	36	1	78405
1627	F	54	1	48541
1628	F	23	7	78176-1110
1629	F	-46	4	84027
1630	f	24	3	13224
1631	f	23	2	74912
1632	M	20	4	82290
1633	F	22	1	15128
1634	m	40	9	10033
1635	M	9	0	15689-8683
1636	F	-20	2	63777
1637	M	49	8	95578
1638	M	54	2	35032-9896
1639	F	41	7	94461
1640	F	31	9	02745
1641	M	43	0	23919
1642	F	11	9	96111
1643	M	38	8	31111
1644	M	12	2	88738
1645	M	36	9	97462
1646	M	35	2	21520
1647	F	10	9	68554
1648	m	27	2	36419
1649	m	36	0	80992
1650	M	-19	1	90254-4516
1651	M	-31	3	81207-2152
1652	M	9	3	91342
1653	f	17	1	80792
1654	F	12	1	35688
1655	f	13	0	88058
1656	F	31	0	82728
1657	F	40	6	04069
1658	F	-18	8	02621
1659	M	12	3	38616
1660	F	28	7	69337
1661	F	13	0	67877
1662	F	18	9	80488
1663	F	28	8	55866
1664	F	43	2	78856
1665	F	45	4	77533
1666	F	56	3	86453
1667	F	52	8	36039
1668	M	39	1	38937
1669	F	27	0	25131
1670	M	47	6	70270
1671	F	13	2	91992
1672	F	48	0	08497
1673	M	27	6	46674
1674	F	38	4	02017
1675	M	-24	6	48816
1676	F	46	2	44636
1677	F	11	7	45123
1678	F	39	5	54361
1679	F	23	0	78391
1680	M	12	4	78124
1681	F	17	9	31171
1682	F	-50	6	52160
1683	M	27	4	00236
1684	F	56	6	58801
1685	F	45	4	13114
1686	F	25	9	22057
1687	F	-15	2	15211
1688	F	-19	1	24043
1689	F	22	8	59623
1690	F	22	4	07105
1691	F	38	6	26467
1692	M	26	9	39640
1693	M	56	4	48927
1694	M	13	3	74599
1695	M	55	4	70013
1696	F	-28	1	64138
1697	M	29	2	15507
1698	F	22	9	19308-7671
1699	M	16	0	76742-8814
1700	F	48	8	44097
1701	M	54	1	56339
1702	M	35	8	23136-7797
1703	F	-27	3	79908
1704	F	22	9	37062
1705	F	40	7	08052
1706	M	50	7	59214
1707	F	39	2	70270
1708	F	38	5	63864
1709	M	10	5	32596
1710	M	-16	3	18317
1711	F	29	8	29356
1712	M	45	8	44980
1713	M	48	0	95848
1714	M	48	6	90862
1715	F	12	7	28919
1716	m	12	4	20765
1717	F	-56	6	87972
1718	F	51	8	97908
1719	F	40	9	27090
1720	M	43	9	55832-4438
1721	f	29	5	47460
1722	M	37	0	00588
1723	M	18	4	50921
1724	F	15	1	60226
1725	F	32	8	70775
1726	F	30	5	68539
1727	F	45	2	81500
1728	F	35	6	01129
1729	F	11	4	32280
1730	M	8	6	99027
1731	F	25	9	25442
1732	M	11	7	15891
1733	F	14	3	92626
1734	F	12	4	54745
1735	M	27	8	44905
1736	M	-19	0	00186
1737	M	40	4	34715
1738	M	38	7	73681
1739	F	10	5	11030-8812
1740	M	32	0	01668
1741	M	49	5	29476
1742	m	52	1	70075
1743	F	40	9	11597
1744	F	-10	5	59050
1745	F	26	4	76592
1746	F	52	1	00295
1747	M	27	9	67830
1748	F	46	2	08178-5242
1749	F	25	6	71468
1750	M	13	1	50248
1751	M	-55	5	87631
1752	M	52	5	18389
1753	F	34	3	39424
1754	F	34	5	52655
1755	F	45	9	56277
1756	M	38	9	61708
1757	M	39	2	45240
1758	F	50	7	22894
1759	M	27	0	02643
1760	M	17	0	30457
1761	F	53	1	53322
1762	F	9	0	62070
1763	M	55	2	65881
1764	M	39	4	88455
1765	m	51	2	20488
1766	M	28	5	19590
1767	F	14	5	08600
1768	F	19	5	52370
1769	M	51	4	43493-6309
1770	M	-43	3	79029-7732
1771	M	49	9	69725
1772	F	45	3	55859
1773	M	54	4	15231
1774	F	29	8	90894
1775	f	18	0	66757
1776	M	31	5	30666
1777	M	44	3	19787
1778	F	-31	3	81705
1779	F	48	5	38174
1780	F	32	2	36723
1781	M	-21	9	77116
1782	F	34	5	32695
1783	M	54	8	93885
1784	F	53	0	16284
1785	M	-39	6	81659
1786	F	-13	4	73306
1787	f	31	1	15530
1788	F	10	6	34328
1789	m	41	7	87426
1790	M	51	7	55377
1791	M	8	1	36424
1792	f	53	0	15788
1793	M	51	7	46709
1794	F	7	5	10632
1795	M	43	2	43033
1796	F	25	9	59360
1797	M	21	9	33685
1798	F	27	2	11349
1799	M	19	7	65565
1800	F	54	2	98527
1801	F	38	7	42514
1802	M	56	2	72259
1803	F	-37	6	59065-8156
1804	M	20	8	34125
1805	M	24	7	61958-4639
1806	M	17	0	93269
1807	F	36	2	09289
1808	M	23	4	80784
1809	M	26	3	77269
1810	M	56	6	77698
1811	m	32	0	37386
1812	F	38	0	38190
1813	M	9	0	23988
1814	M	18	2	32745
1815	m	45	0	83235
1816	F	26	4	27585
1817	F	41	8	54289
1818	F	56	9	12341-1280
1819	F	17	6	90491
1820	M	11	8	19541
1821	F	23	0	26496
1822	M	53	2	49272
1823	F	29	8	66864
1824	F	23	1	61083
1825	M	40	9	33628
1826	M	28	3	85727
1827	M	28	6	99049-0881
1828	M	30	8	14740
1829	F	18	2	62007
1830	M	45	7	31870
1831	F	28	0	40010
1832	M	8	5	58117
1833	M	54	4	33227
1834	M	43	2	05704
1835	F	26	6	62068
1836	M	42	4	55033-7611
1837	F	52	6	52808
1838	M	-54	5	88180
1839	F	40	4	08801
1840	M	26	1	54906
1841	M	26	0	19399
1842	F	19	7	86195
1843	F	43	3	37512-3643
1844	F	42	4	13086
1845	M	-12	6	07068-9418
1846	M	18	8	56128
1847	F	48	9	22138
1848	F	24	0	38541
1849	M	55	5	51856
1850	F	48	2	31006-2531
1851	F	50	7	49249
1852	F	36	5	50689
1853	M	18	2	07892
1854	F	-46	4	93288
1855	m	29	3	13397
1856	F	31	1	80563
1857	M	42	5	09795
1858	F	28	2	19486
1859	M	17	5	07343
1860	F	24	1	54641
1861	M	37	0	56273
1862	M	7	4	48061
1863	m	47	0	67281
1864	F	52	7	43254
1865	M	54	2	57067
1866	M	51	5	91499
1867	F	-11	0	19282
1868	F	-7	2	37321-5661
1869	M	34	9	49896
1870	F	37	2	74246
1871	M	14	2	67002
1872	F	-28	8	84407
1873	M	8	5	33594
1874	F	30	7	18016
1875	F	55	3	50982
1876	F	21	6	93119
1877	F	49	6	08876
1878	m	43	4	37313
1879	M	30	7	14331
1880	f	31	8	38244
1881	F	9	3	88426
1882	M	54	1	05896
1883	F	16	6	38685
1884	M	48	2	09319
1885	F	42	0	61320
1886	M	36	1	38448
1887	M	29	8	80019
1888	M	55	7	35332
1889	F	8	6	74669
1890	F	19	2	36509
1891	F	56	6	03110
1892	F	39	6	29757
1893	F	-7	5	09108
1894	f	13	5	13210
1895	M	24	8	11241
1896	F	39	7	81389
1897	F	41	8	03229
1898	F	41	3	88427
1899	F	30	2	78949
1900	M	13	4	21698
1901	F	10	9	28942
1902	M	33	4	54297
1903	M	56	5	69856
1904	M	52	4	39212
1905	M	17	1	95049
1906	m	12	0	15460
1907	M	49	1	01686-5651
1908	M	15	5	66735
1909	M	28	3	21402
1910	M	45	1	29132
1911	m	52	0	32807
1912	F	29	0	22507
1913	f	-39	9	23487
1914	M	51	1	40578
1915	F	54	3	10087
1916	F	40	7	51656
1917	F	20	3	49539
1918	m	41	1	61747
1919	F	40	5	18223
1920	F	42	5	25741
1921	M	35	7	68452
1922	F	54	6	92324-0138
1923	F	35	0	18862
1924	F	8	6	56819
1925	F	-17	3	02902
1926	F	45	7	05564
1927	M	23	2	83987
1928	M	19	0	77996
1929	M	16	5	01427
1930	M	21	0	73272
1931	M	16	7	54677
1932	F	-43	2	63404-4781
1933	M	49	4	39707
1934	M	50	8	87561
1935	F	21	7	29095
1936	M	25	2	49935
1937	F	41	8	86744
1938	F	44	1	85361
1939	F	14	8	93934
1940	M	18	9	51498
1941	M	32	1	22574
1942	M	21	7	64794
1943	M	33	0	30163
1944	F	40	0	68225
1945	F	8	1	88028-8289
1946	F	45	9	08956
1947	F	13	9	06552
1948	M	18	2	13789
1949	F	36	1	50953
1950	M	44	4	34971
1951	M	50	1	17879
1952	f	11	4	54540
1953	F	11	1	31046-0953
1954	F	46	1	02695
1955	M	19	9	52812
1956	M	30	3	47290-2680
1957	F	31	4	70665
1958	F	30	5	33190
1959	M	7	0	08361
1960	F	9	4	03376
1961	F	53	6	73326
1962	F	27	7	55699-1648
1963	M	56	2	61601
1964	F	38	3	87515
1965	M	18	2	97011
1966	M	54	4	25635
1967	F	27	7	27393
1968	M	10	9	60130
1969	F	16	4	35235
1970	M	7	3	15015
1971	M	43	6	20388
1972	M	-46	2	77575
1973	F	-55	4	62245
1974	F	46	3	56148
1975	M	21	2	12637
1976	M	29	8	16377-7229
1977	F	56	4	08779
1978	F	41	0	76155
1979	F	40	1	98486
1980	M	-36	9	54990
1981	F	32	7	91590
1982	M	11	5	40794
1983	M	-37	0	00815
1984	F	26	1	45694-0162
1985	M	11	1	29443
1986	M	14	1	98548
1987	M	32	6	10845
1988	f	41	3	96893
1989	F	17	6	48457
1990	f	21	2	24730-9596
1991	M	20	0	21086
1992	F	33	6	50766
1993	f	-52	0	71046
1994	F	-49	7	05088-2345
1995	M	34	0	75631
1996	f	28	6	58362
1997	F	17	3	03034
1998	F	47	6	44909
1999	M	7	7	27302
2000	M	49	7	43847
2001	F	53	8	51063
2002	F	45	2	03449
2003	F	-33	3	48185
2004	M	52	6	83392
2005	M	28	3	84541
2006	M	27	0	95077
2007	F	11	8	99988
2008	M	46	7	99573
2009	m	35	9	44406
2010	m	43	8	21482
2011	M	27	5	46506
2012	M	8	3	53369
2013	M	-39	4	89778
2014	F	21	7	79330
2015	F	40	4	09450
2016	M	52	1	94586
2017	F	55	2	96131
2018	F	32	0	57120
2019	M	12	4	94868
2020	F	42	8	23463
2021	F	-24	6	46269
2022	F	53	7	01824
2023	f	38	5	70177
2024	M	45	2	68955
2025	F	18	2	61181
2026	F	26	0	91873-7690
2027	M	28	0	85721
2028	m	55	6	21037
2029	F	-47	5	05075
2030	M	7	6	09522
2031	f	23	9	97262
2032	F	-47	0	29113
2033	M	-11	2	36523
2034	F	36	3	11591
2035	F	28	3	52793
2036	M	45	7	30875
2037	F	33	3	84304
2038	F	12	1	16970
2039	M	47	3	81247
2040	F	-54	3	18177-6127
2041	M	-35	6	85930
2042	M	-18	0	77914
2043	M	17	7	94866
2044	M	56	5	39244
2045	F	11	0	43319
2046	F	-47	4	97815
2047	M	55	2	10944-5741
2048	F	14	3	80151
2049	M	-36	3	59713
2050	M	28	4	21515
2051	M	19	1	84950
2052	F	33	5	27739
2053	M	16	8	91783
2054	M	30	2	83233
2055	M	34	0	50264-4874
2056	M	42	6	82742
2057	M	21	4	94248
2058	M	24	1	42935
2059	M	39	1	39812
2060	m	40	9	20068
2061	F	27	5	35950-9770
2062	M	38	0	07646
2063	M	30	6	88334
2064	F	52	5	54948
2065	F	27	7	79122
2066	F	50	0	46405
2067	m	-18	4	34250
2068	F	28	7	39622
2069	F	17	1	21507
2070	M	13	7	48903
2071	M	56	4	67789
2072	M	47	8	42641
2073	M	-18	5	75213
2074	f	15	3	91062
2075	F	19	4	68408
2076	F	11	1	20477
2077	F	48	9	12060
2078	F	53	2	89151
2079	F	43	4	96136
2080	m	12	0	07112
2081	F	8	6	37830
2082	M	27	2	52346
2083	F	49	7	47393
2084	M	46	8	34166
2085	F	27	9	00264
2086	F	-12	6	13439-8293
2087	F	-10	2	74132
2088	M	44	2	18672
2089	M	49	7	94732
2090	M	38	3	96341
2091	M	47	5	23788
2092	M	35	2	63082
2093	F	24	6	01963
2094	F	23	4	00595
2095	F	32	5	12334
2096	M	28	2	87831
2097	M	21	5	32767
2098	f	31	8	27746
2099	M	16	4	30357-3578
2100	F	37	3	10988-4794
2101	F	15	2	17906
2102	F	35	3	44134
2103	F	56	9	12621
2104	f	36	3	80476
2105	M	27	4	19360
2106	F	30	8	84248
2107	M	24	7	45417
2108	M	24	0	39177-3363
2109	M	38	4	93668
2110	M	-14	6	10509-1357
2111	F	34	4	06507-4959
2112	M	37	9	97143
2113	F	50	1	47490
2114	F	9	7	31101
2115	M	52	1	24805
2116	f	49	7	57002
2117	F	-48	8	44633
2118	M	25	4	12264
2119	M	33	1	40226
2120	M	16	2	57694
2121	F	44	2	12205
2122	F	10	1	56613
2123	M	28	7	09089
2124	F	7	7	52067
2125	F	22	4	74044
2126	F	19	9	29796
2127	M	30	0	61952
2128	M	10	9	96689
2129	F	31	9	91891
2130	M	39	0	75272
2131	M	-40	0	48549
2132	F	18	1	67956
2133	F	26	9	78545
2134	F	42	1	50827
2135	F	12	6	96128
2136	M	-45	7	49093
2137	M	9	6	10641
2138	F	30	0	90134
2139	F	40	2	44627-2500
2140	F	34	6	42792-2574
2141	M	20	6	51676
2142	F	42	3	89228
2143	M	54	4	22589
2144	M	53	3	33036
2145	F	48	6	23000
2146	F	16	4	03912
2147	M	24	6	67039
2148	M	42	8	47666
2149	F	54	0	67665
2150	M	18	0	85200
2151	F	15	0	91864
2152	F	10	0	60484
2153	m	37	1	07912
2154	F	38	0	80097
2155	M	20	0	24693
2156	M	28	4	89330
2157	m	36	5	13404
2158	m	45	0	88931
2159	M	27	0	23520
2160	m	31	9	34798
2161	F	49	0	94974-0994
2162	M	43	2	56533
2163	F	44	7	90110
2164	f	47	4	96984
2165	M	45	6	55566
2166	M	22	5	32353
2167	M	24	6	95121-9084
2168	F	43	1	40455
2169	M	32	7	06297
2170	M	44	6	45477
2171	M	13	6	57208
2172	M	32	2	19090
2173	F	33	4	73147-6420
2174	F	26	2	71494
2175	M	49	1	04924
2176	M	50	6	45321
2177	M	-50	9	56601
2178	F	32	6	25425
2179	F	-45	7	20579
2180	M	23	0	58726
2181	F	25	7	92762
2182	f	54	9	40359
2183	M	15	0	22526
2184	F	-22	9	42608
2185	F	34	6	56410
2186	M	34	0	42848
2187	F	29	7	56114
2188	M	-18	0	77504
2189	F	8	2	89647
2190	m	52	2	76583-9230
2191	M	51	8	26521
2192	M	21	2	93123
2193	M	36	7	61860-4017
2194	F	27	3	32051
2195	F	24	6	71074
2196	m	32	1	50090
2197	F	55	2	46472-7334
2198	M	41	0	05309
2199	M	22	2	20678
2200	F	20	8	46499
2201	F	-13	3	68246
2202	F	15	8	15271
2203	F	11	5	88275
2204	M	14	2	15559
2205	M	11	4	12698
2206	F	54	6	81245
2207	F	39	1	21175
2208	M	52	6	43058
2209	f	55	6	51540
2210	F	18	4	72364
2211	F	45	1	30202
2212	F	17	5	85551
2213	F	39	2	41296
2214	F	22	4	61276
2215	M	37	5	27293
2216	F	39	8	01734
2217	M	50	6	03355
2218	f	21	0	25636
2219	M	15	1	41322
2220	M	38	4	36363
2221	F	21	3	14339
2222	F	-31	7	09919
2223	F	47	4	93978
2224	F	13	2	59243
2225	F	18	5	88531
2226	M	42	9	37114-8540
2227	F	10	5	77281
2228	F	20	5	57944
2229	F	39	1	12462
2230	F	47	2	74402
2231	F	54	5	89425
2232	M	13	0	30033
2233	m	33	1	53197
2234	M	45	6	83096
2235	F	10	9	88902
2236	F	17	6	06777
2237	M	19	6	29241
2238	f	18	0	21611
2239	M	27	0	67003
2240	M	52	2	95552
2241	M	8	1	39525
2242	M	33	3	62739
2243	F	17	5	86516
2244	M	36	0	21123-7726
2245	m	32	9	71008
2246	F	50	9	68106-8289
2247	F	33	2	16581
2248	M	29	8	00613
2249	F	32	2	22610
2250	M	12	7	40898
2251	M	41	0	37325
2252	m	40	8	81009
2253	F	-43	1	27980-3256
2254	M	43	2	28953
2255	F	-17	4	81749
2256	M	44	2	96662
2257	f	11	5	74847
2258	F	36	1	01737
2259	F	41	3	55978
2260	M	17	5	54895
2261	M	41	1	12969
2262	F	11	2	27335
2263	F	21	7	67942
2264	M	16	5	81872
2265	M	-11	0	04852
2266	M	22	7	13153
2267	F	36	7	76705
2268	M	56	7	45065
2269	M	27	8	86895
2270	F	26	2	95240
2271	F	11	2	56677-6808
2272	f	45	1	23637
2273	M	51	0	22097
2274	F	23	2	85537
2275	M	48	9	90401
2276	F	20	5	81360
2277	M	27	0	78966
2278	M	15	8	48965
2279	m	10	3	19971
2280	F	37	4	35662
2281	M	13	3	75192
2282	f	14	9	45674
2283	M	15	6	52105
2284	F	41	0	16669
2285	F	29	5	29893
2286	f	37	9	51683
2287	F	54	9	74673-1320
2288	F	14	9	27523
2289	M	-50	2	64547
2290	M	53	8	34269
2291	f	50	9	61754
2292	m	35	7	48123
2293	F	32	7	37025
2294	F	48	4	91230
2295	M	37	0	07333
2296	F	-46	2	03335
2297	F	31	1	42367
2298	F	-10	2	73947
2299	F	32	2	69594
2300	M	39	7	83524
2301	F	54	8	35176
2302	M	-34	4	42379
2303	F	24	9	67453
2304	M	21	3	60025
2305	F	-32	5	02405
2306	F	37	5	50243
2307	F	28	7	05401
2308	F	22	8	45049
2309	F	19	1	34024
2310	F	45	7	78785
2311	F	33	2	72176
2312	m	16	3	84461
2313	m	28	7	12470-4687
2314	M	11	3	26997-4730
2315	M	47	6	10505
2316	M	49	9	62637
2317	M	40	3	29697
2318	M	13	5	76523
2319	F	52	1	17665
2320	F	13	9	35396
2321	M	31	3	84916
2322	F	56	9	36443
2323	M	48	1	99964
2324	F	41	8	99145
2325	M	45	4	31976
2326	m	40	7	23010
2327	M	51	3	57200
2328	F	-23	3	47459
2329	M	15	0	76335
2330	m	29	8	23209
2331	M	17	4	77316
2332	F	17	2	83772
2333	F	33	1	15935
2334	F	37	7	40877
2335	M	10	8	78299
2336	F	14	3	59542
2337	M	50	8	18973
2338	F	8	1	28684
2339	M	21	2	64651
2340	F	23	5	17393
2341	M	27	9	52826
2342	F	17	2	02113
2343	M	17	4	93443
2344	m	20	2	24826
2345	M	21	6	53695
2346	M	15	8	45231
2347	M	20	2	45300
2348	F	26	4	94549
2349	F	52	0	63342
2350	M	46	4	39231-6847
2351	M	17	3	09681
2352	F	29	5	85330
2353	M	22	5	96202
2354	F	41	0	20717
2355	m	37	9	00858-4533
2356	F	-39	0	99524
2357	M	56	0	47604
2358	F	55	8	94574
2359	F	22	3	15158
2360	F	-42	9	78877
2361	M	8	9	16124
2362	F	45	6	07075
2363	M	25	2	46339
2364	M	29	1	55565
2365	F	40	0	62875
2366	M	11	4	13789-6243
2367	F	-40	0	11384
2368	M	22	1	92950
2369	M	52	7	68987
2370	f	53	8	49681-0381
2371	M	45	6	87817
2372	F	-42	5	82807
2373	M	10	3	36901
2374	F	28	9	15959
2375	M	56	0	99845
2376	M	26	9	70313
2377	M	27	1	50453
2378	F	36	0	05880
2379	M	44	6	95219
2380	f	14	0	31502
2381	M	-37	2	37520
2382	M	26	3	70387
2383	F	23	0	45053
2384	M	29	0	61670
2385	M	23	5	13016
2386	M	42	0	86724
2387	F	45	0	14952
2388	F	10	8	15501
2389	F	43	3	38120
2390	F	14	2	07983
2391	F	-54	9	58009
2392	M	44	6	05626
2393	F	54	4	74499
2394	F	38	2	36014
2395	F	10	3	97559-4134
2396	F	23	8	39446
2397	F	30	0	35796
2398	M	-7	8	67485-8782
2399	F	55	2	35675
2400	m	8	8	29702
2401	M	33	0	54347
2402	M	-11	7	96281
2403	M	55	7	66926
2404	M	36	4	70057
2405	M	21	6	32446
2406	F	49	7	80991
2407	M	27	8	13074
2408	F	38	5	00442
2409	F	22	9	03814
2410	M	52	7	98814
2411	M	36	5	97906
2412	M	36	8	25183
2413	M	12	1	63701
2414	M	33	6	07257-5470
2415	M	39	3	56079
2416	M	49	4	17378-0648
2417	F	24	3	98954
2418	m	19	1	03656
2419	M	13	0	71299
2420	M	40	1	48258
2421	F	-28	2	09059
2422	M	19	9	57872
2423	M	16	5	16351
2424	F	38	1	91445-6349
2425	F	22	7	37764-1077
2426	M	8	8	77780
2427	F	-46	3	72374
2428	M	-39	9	37421
2429	F	19	8	18544
2430	m	29	3	34869
2431	M	26	8	61204
2432	M	38	5	63887
2433	F	36	1	54685
2434	F	42	6	58203
2435	F	46	4	39399
2436	M	-12	6	99267
2437	F	-40	6	16787
2438	m	18	7	18220
2439	F	27	7	61489
2440	F	41	7	97535
2441	M	40	1	84762
2442	F	22	7	21842
2443	F	46	7	44662
2444	f	10	4	84599
2445	F	8	0	04586
2446	F	32	4	12024
2447	F	13	9	64852
2448	f	54	6	11895
2449	M	12	9	46677
2450	M	19	9	81867
2451	M	55	5	58532
2452	F	32	1	18956
2453	f	22	5	93703
2454	F	-17	7	02526
2455	M	18	6	12984
2456	M	53	4	15479
2457	F	21	7	29091
2458	M	38	1	38483
2459	F	53	0	51201
2460	M	44	2	15627
2461	M	29	8	55186
2462	m	54	1	35319
2463	f	33	6	29661
2464	F	41	3	42410
2465	F	-32	7	97811
2466	F	33	7	25106-6523
2467	f	36	3	73237
2468	m	32	0	12022
2469	M	44	2	91523
2470	M	43	2	57790
2471	M	54	0	16305
2472	M	42	6	10097
2473	F	22	1	36077
2474	m	-9	6	31763
2475	f	-40	5	30614
2476	F	-35	6	46070
2477	M	51	3	84441-8590
2478	M	30	6	53868
2479	M	11	5	69320
2480	M	12	5	46595
2481	F	50	8	03008
2482	F	46	8	70789
2483	M	18	5	19105
2484	F	21	8	45327
2485	F	-10	9	21884
2486	M	37	1	00130
2487	F	30	3	63549
2488	F	45	9	58462
2489	M	8	4	59204
2490	f	15	5	14260
2491	M	19	0	84942
2492	M	44	0	40198
2493	M	20	2	72897
2494	M	14	4	58483
2495	F	48	7	26518
2496	M	-49	3	68173
2497	F	32	1	24789-0404
2498	F	56	2	46378
2499	M	29	3	41266
2500	F	21	8	79487
2501	f	44	6	71034
2502	F	45	0	03499
2503	M	39	5	96571-0512
2504	M	54	3	96077
2505	M	28	8	98304
2506	F	21	8	80562
2507	F	15	4	99299
2508	F	53	5	84485
2509	F	48	9	81049
2510	M	12	9	73352
2511	F	26	0	30877
2512	M	-21	1	97813
2513	F	24	3	34270
2514	F	26	3	81600
2515	M	51	3	91288
2516	F	44	4	33562
2517	F	30	2	98036
2518	F	55	0	12842
2519	M	39	6	87582
2520	m	34	6	56673
2521	m	28	3	21712-6109
2522	M	27	2	59592-5151
2523	M	-55	9	82323
2524	M	7	2	70684
2525	M	51	4	35891-6639
2526	F	-38	1	07562-8364
2527	F	9	2	19248
2528	F	52	4	68212
2529	F	26	1	11889
2530	F	36	0	69720
2531	M	36	2	64959
2532	M	-32	8	48645
2533	m	40	8	32557-7553
2534	F	53	3	46444
2535	f	21	2	95601
2536	F	-50	8	83214
2537	F	13	4	71955
2538	M	49	0	78212
2539	F	11	9	97803
2540	M	-7	3	20478
2541	F	28	1	72203
2542	F	21	1	84930
2543	F	32	5	40964
2544	f	17	9	87339
2545	f	-10	6	65788
2546	F	19	8	71909
2547	f	36	3	87730
2548	F	26	8	02469
2549	M	32	8	76029
2550	M	39	2	74406
2551	M	29	4	64742
2552	F	21	8	94760
2553	M	18	6	33870
2554	F	-37	2	13028
2555	M	23	3	10683
2556	M	26	2	04296
2557	F	-15	2	59976
2558	F	30	2	14988
2559	F	20	4	33051
2560	F	49	5	68183
2561	F	25	8	25430
2562	F	52	6	89668-7243
2563	M	16	2	01110
2564	F	28	3	57495
2565	F	35	5	01553
2566	F	39	8	31466-0140
2567	F	14	9	89938-0347
2568	F	14	0	26126
2569	M	9	5	22367
2570	F	9	0	13594
2571	M	50	2	46779
2572	F	39	8	37813
2573	F	-13	0	02760-9471
2574	f	21	8	83778
2575	F	55	5	08347
2576	F	48	2	25149
2577	F	14	5	09352
2578	F	52	2	78805
2579	M	54	7	99829
2580	M	37	2	08407
2581	M	28	2	90423
2582	F	46	7	79552
2583	M	29	7	75666
2584	F	36	1	38766
2585	F	31	8	20373
2586	F	12	7	29840
2587	M	21	8	17137
2588	M	11	8	16744
2589	F	47	6	41489
2590	F	42	5	87579-3093
2591	F	26	8	67773
2592	f	-46	9	61639
2593	F	40	7	90660
2594	F	14	0	25324
2595	m	15	9	94416
2596	M	50	4	75721
2597	M	28	0	82593
2598	M	12	9	37420
2599	F	9	2	42292
2600	F	37	3	21626
2601	M	21	5	37920
2602	F	-25	1	76384
2603	M	56	4	76117
2604	M	16	6	29445
2605	M	-49	0	07568
2606	M	35	1	83413
2607	M	47	6	57002
2608	F	38	2	96142
2609	F	16	8	84301-9292
2610	M	26	6	89687
2611	M	13	7	95642
2612	M	23	9	74219
2613	M	53	6	29330
2614	F	51	3	09293
2615	F	-47	0	09335
2616	F	46	7	18162
2617	M	26	3	77109
2618	M	39	0	70402-0974
2619	M	11	3	50960
2620	F	42	9	33854
2621	F	48	3	08049
2622	M	-51	8	74835
2623	F	34	4	35861
2624	M	47	8	53619
2625	F	37	4	33662
2626	F	42	8	31166
2627	M	50	3	27239
2628	M	15	9	27413
2629	F	-14	7	18018
2630	M	21	9	67741
2631	M	48	0	19004
2632	M	46	1	28248
2633	M	30	7	03885
2634	M	31	4	06180
2635	f	40	7	30566-0891
2636	F	24	4	25946
2637	M	35	3	35758
2638	F	35	9	31031
2639	F	45	2	73344
2640	m	9	8	51684
2641	M	30	6	34287
2642	F	-25	3	67209-1475
2643	f	46	7	02748
2644	M	36	9	05684-7642
2645	M	9	1	71404
2646	F	44	0	90991
2647	F	26	3	67613
2648	F	52	9	56996
2649	M	20	6	37136
2650	F	51	2	64075
2651	F	29	2	86024
2652	F	44	0	57643
2653	M	35	2	81086
2654	M	51	0	35796
2655	M	49	4	66418
2656	F	31	0	03884
2657	F	22	7	22428
2658	F	13	0	08447
2659	M	47	8	55473
2660	M	52	4	11894
2661	M	-12	8	85438
2662	M	46	7	47144
2663	M	8	4	23200
2664	F	10	2	35812
2665	f	28	1	55639
2666	f	30	3	71779-7700
2667	F	23	0	49363
2668	M	14	6	51329
2669	M	14	8	15908
2670	F	16	7	30774
2671	F	28	3	63002
2672	M	9	8	29264
2673	F	40	5	96414
2674	F	55	3	44752
2675	M	30	3	11232
2676	M	14	2	25457-3985
2677	F	13	7	42984
2678	M	25	9	81737
2679	F	49	8	67356
2680	F	49	6	64621
2681	F	46	0	48142
2682	F	51	9	52298
2683	M	43	1	09336
2684	F	26	0	00998
2685	M	10	6	57013
2686	F	23	1	72122
2687	M	20	6	27524
2688	M	47	1	64610
2689	F	45	1	45650-4440
2690	F	-27	9	02089
2691	M	12	2	49475
2692	F	31	2	39382-9716
2693	F	43	2	67424-8077
2694	M	31	7	18789
2695	M	11	2	75782
2696	M	9	5	37236
2697	M	10	4	12246
2698	M	46	2	32189
2699	M	56	3	77692-6144
2700	F	28	1	69526
2701	M	50	7	85215
2702	M	37	3	76352
2703	F	11	8	78602
2704	M	53	8	62202
2705	M	28	1	70337-7940
2706	M	33	1	29793
2707	F	-53	5	53308
2708	M	51	4	26855
2709	M	46	9	00382
2710	M	-17	9	48458
2711	M	12	5	74523
2712	F	31	3	95632
2713	M	28	3	09769-5878
2714	M	39	3	21418
2715	F	24	2	67424
2716	F	29	7	33570-3320
2717	M	26	8	28917
2718	m	11	9	75737
2719	M	24	9	45117
2720	f	49	9	08210
2721	F	19	1	31901
2722	F	54	5	80941
2723	M	48	1	37567
2724	F	52	8	86299
2725	M	48	7	85577
2726	f	19	1	97530
2727	M	41	7	54517
2728	M	9	8	19320
2729	F	29	2	73358-5571
2730	F	-10	5	54188
2731	M	42	5	77692
2732	M	15	7	82389
2733	F	48	6	89482
2734	F	41	8	47132
2735	M	10	7	85106
2736	M	24	3	57010
2737	F	32	5	84716
2738	M	24	4	83036
2739	F	48	4	98153-2361
2740	M	39	2	19655
2741	f	39	4	43945-4245
2742	M	17	9	27176
2743	F	8	9	03134-2064
2744	M	-54	2	42718
2745	F	47	0	38229
2746	M	37	0	60515
2747	M	28	4	09585
2748	M	34	0	44076
2749	F	-32	8	71831
2750	M	40	2	25300
2751	F	-33	2	65347
2752	m	40	5	89176-5023
2753	M	41	7	69610
2754	M	38	4	51809
2755	M	23	3	10583
2756	F	24	7	18369
2757	F	31	3	55116
2758	M	33	6	36895
2759	F	22	5	49158
2760	F	23	2	20786-1663
2761	M	22	9	18293
2762	M	-17	2	64245
2763	F	27	8	34889
2764	M	32	4	41842
2765	M	21	7	29164
2766	F	53	3	29061
2767	M	44	8	49134
2768	M	12	2	48865
2769	M	16	4	50468
2770	M	13	8	30182
2771	F	32	7	94534
2772	M	32	4	42680
2773	M	52	8	65546
2774	F	13	2	83181
2775	M	10	7	69637
2776	F	11	1	87332
2777	f	27	0	10036
2778	M	14	3	36434
2779	F	26	0	47576
2780	F	47	5	31804
2781	m	49	3	91275
2782	F	8	0	06144
2783	f	18	7	86167
2784	M	52	8	20346
2785	F	40	3	75794
2786	M	47	0	88489
2787	F	53	8	18636
2788	F	29	5	21602
2789	M	10	0	35069
2790	F	43	1	60705
2791	M	25	8	88039-1455
2792	F	33	7	26684
2793	F	-17	7	50615
2794	f	19	6	70391
2795	F	30	0	41082
2796	F	22	8	95367
2797	M	44	1	10217
2798	F	34	7	04959-3643
2799	F	8	0	66866
2800	M	19	1	00216
2801	M	-50	6	04269-6815
2802	F	16	0	96929
2803	F	12	7	96209
2804	M	23	3	31650
2805	M	43	8	40482
2806	M	27	5	75528
2807	F	47	1	06387
2808	F	22	2	95695
2809	F	26	7	99851
2810	M	31	6	58837
2811	M	38	2	14430
2812	F	11	4	51573
2813	M	39	3	45816-7181
2814	M	20	2	14937
2815	F	47	6	14763
2816	F	26	0	53258
2817	F	18	0	38876
2818	F	30	8	80865
2819	m	18	6	21931
2820	F	7	3	16401
2821	F	7	6	84529
2822	M	48	8	81721
2823	M	-26	8	46804
2824	F	-32	3	19734
2825	F	-29	6	30938
2826	F	21	0	97582
2827	F	26	9	49700
2828	M	-38	2	41658
2829	F	41	3	43160
2830	M	39	5	43373-9783
2831	M	-7	6	65167
2832	F	48	7	64033
2833	M	34	7	78443
2834	F	27	8	89651
2835	f	33	4	71566
2836	F	32	4	85469
2837	M	40	8	64036
2838	F	37	9	68177
2839	F	51	8	96765-8199
2840	F	46	5	77348
2841	M	9	2	60583
2842	f	20	0	60560
2843	F	51	0	69521
2844	F	22	1	82560-8935
2845	F	12	4	51740
2846	F	40	4	04298
2847	M	24	1	43413
2848	f	40	9	28131
2849	F	44	8	41913
2850	M	44	0	40770
2851	f	19	8	86023
2852	M	56	7	82220
2853	F	-12	3	28482
2854	M	11	1	70555
2855	M	10	7	21604
2856	M	42	2	79207
2857	M	43	9	59646-3125
2858	f	28	9	61231
2859	M	42	5	90707
2860	F	10	1	88946
2861	F	48	4	56948
2862	F	45	7	51035
2863	M	9	8	02476
2864	F	24	2	34994
2865	M	23	4	55494
2866	M	13	3	35329
2867	F	-23	1	04215
2868	F	54	0	25385
2869	M	36	1	15406
2870	F	30	9	75727
2871	f	16	1	44460
2872	M	49	5	31788
2873	M	19	7	72020
2874	M	46	6	93988
2875	F	16	3	04107-6971
2876	F	49	1	26517
2877	f	32	4	87649-2223
2878	M	48	8	10249
2879	M	-12	8	74590-9561
2880	F	42	0	97130
2881	F	-43	1	00565
2882	F	42	2	94930
2883	M	48	4	92502
2884	M	40	5	44033
2885	M	8	0	38418
2886	M	25	0	54470
2887	F	52	4	52959
2888	F	51	3	32217
2889	F	-42	5	32528-4806
2890	M	17	1	03705
2891	F	9	7	06842-7873
2892	M	53	4	04565
2893	M	53	5	42201
2894	F	48	5	01666
2895	F	56	3	42921
2896	F	35	9	04538
2897	M	27	3	58656
2898	M	44	4	37872
2899	F	47	0	75770
2900	F	-34	5	57180
2901	F	27	0	70811
2902	M	-43	7	29170
2903	f	52	9	04853
2904	M	42	6	15300
2905	F	49	1	26571
2906	M	45	1	31187
2907	M	21	6	21354
2908	M	42	5	17926
2909	F	40	3	77758
2910	M	10	5	04214
2911	m	18	1	29312
2912	M	9	0	93745
2913	F	28	1	07495
2914	F	24	2	06250
2915	M	29	8	58607
2916	M	25	5	24930
2917	M	-50	4	94648
2918	F	53	2	09062
2919	M	30	1	93978
2920	M	43	6	74692
2921	F	52	9	80291
2922	F	37	3	74073
2923	M	40	5	53077
2924	M	41	3	08131
2925	M	9	8	36348
2926	F	41	4	98065
2927	m	20	0	23504
2928	F	28	2	93338
2929	M	38	2	56657
2930	m	27	2	82086
2931	M	37	7	95690
2932	M	30	2	53621
2933	F	17	9	63318
2934	M	48	5	73854
2935	f	21	3	10491
2936	M	39	6	57865-0543
2937	M	7	5	20164
2938	M	56	6	16732
2939	M	40	4	47511
2940	M	22	5	52870
2941	M	11	7	44678
2942	M	38	8	61246
2943	M	37	6	82500
2944	M	53	2	24980-0609
2945	M	23	4	35992
2946	M	45	9	40683
2947	M	26	5	96962
2948	M	44	8	64462
2949	M	37	5	59077
2950	M	53	9	87326
2951	M	10	2	16359
2952	f	39	7	76586
2953	M	44	4	23432
2954	F	-40	1	16237
2955	f	46	4	36306
2956	F	53	6	74518
2957	F	15	0	74356
2958	M	-19	1	10001
2959	F	10	8	02663
2960	M	-51	6	26910
2961	M	-27	4	26376
2962	M	9	0	85938
2963	M	44	0	83088-4736
2964	M	15	0	39949
2965	m	22	5	26906
2966	M	29	0	78317
2967	m	-40	8	19250
2968	F	29	8	75707
2969	F	10	9	63690
2970	F	22	9	53852
2971	F	42	9	99083
2972	F	24	7	65552
2973	M	35	2	89642
2974	F	46	2	45036-8098
2975	F	48	2	07761
2976	F	32	2	98261
2977	F	26	7	39948
2978	F	-46	9	00541
2979	F	-27	9	72538
2980	F	56	3	75467
2981	M	27	2	84523-0929
2982	F	52	6	68447
2983	F	41	2	44954
2984	F	30	9	57250
2985	M	46	3	40458
2986	F	-56	1	60852
2987	F	-29	3	72974
2988	F	30	2	06219
2989	F	27	0	45762
2990	F	32	0	80383
2991	F	53	3	71967
2992	F	17	7	91026
2993	m	48	2	52169
2994	F	26	4	67096
2995	M	12	3	94652
2996	M	27	2	66157
2997	F	13	7	08761-4756
2998	F	23	8	29746
2999	M	23	7	49689
3000	F	14	2	86947
3001	F	34	7	33972
3002	F	32	0	13707
3003	F	52	2	40334
3004	F	34	3	66681
3005	M	33	9	03828
3006	f	-38	8	72518
3007	M	45	7	40057
3008	F	11	2	39411
3009	M	28	8	65888
3010	M	55	2	39872
3011	F	32	4	96708
3012	M	31	5	81887
3013	m	41	2	83885
3014	F	40	6	41815
3015	F	53	9	86053-6773
3016	M	-50	2	06600-3125
3017	F	29	9	24037
3018	f	45	0	25476
3019	M	25	1	32175
3020	F	14	9	68754-0857
3021	F	49	9	08883
3022	F	46	7	99399
3023	f	53	5	73890
3024	f	17	0	40140
3025	F	8	5	58538
3026	f	20	6	97519
3027	M	52	4	35375-8816
3028	M	8	6	51347
3029	F	-26	4	32307
3030	F	44	4	60683
3031	M	18	6	20591
3032	F	16	8	78129
3033	F	34	1	72816
3034	M	56	7	67076
3035	F	34	4	26605
3036	M	48	4	96723
3037	m	54	8	97543
3038	M	30	9	69819
3039	F	10	9	64369
3040	f	17	5	05211-5921
3041	M	11	8	78730
3042	F	53	5	35565
3043	M	37	3	59402
3044	M	48	4	05615
3045	f	19	7	72449
3046	F	54	5	23236
3047	F	24	0	19917
3048	F	18	2	80909
3049	M	47	5	21264
3050	F	41	2	75634
3051	M	45	9	10747
3052	F	19	3	39057
3053	f	51	8	90422
3054	F	12	7	89764
3055	M	18	2	65499-4293
3056	F	51	9	40083-8049
3057	F	54	6	53342
3058	F	40	2	00342
3059	M	30	7	92869
3060	M	7	6	29196
3061	M	7	6	96381
3062	M	48	0	36640
3063	M	32	3	23154
3064	F	48	3	02305
3065	F	29	3	63272
3066	F	42	0	30204
3067	M	26	8	64456
3068	M	29	3	60845
3069	F	17	9	75895-7969
3070	f	42	8	81035
3071	F	48	3	75933
3072	F	31	9	15544
3073	F	56	7	04763
3074	F	17	5	15011
3075	M	-10	5	57169
3076	M	24	3	69284
3077	m	29	0	90727
3078	F	40	7	14620
3079	F	54	8	42562
3080	M	30	5	59042-1353
3081	F	19	9	25046
3082	M	42	3	42316
3083	M	-14	0	50690
3084	F	30	0	23104
3085	F	43	3	15626-2175
3086	F	19	0	17012
3087	f	28	4	57904
3088	F	42	5	39727
3089	F	9	6	73602
3090	M	38	5	66585
3091	F	29	9	00650
3092	F	48	2	57785-9238
3093	M	29	4	46448
3094	M	55	8	07139
3095	f	51	9	28573
3096	M	35	7	88276
3097	M	-22	9	47568
3098	F	52	9	41032
3099	F	-29	1	84286
3100	F	19	4	55072
3101	M	15	5	13461
3102	F	35	0	75028
3103	M	56	1	44632
3104	M	25	6	77156
3105	m	52	9	74890
3106	M	21	6	62845
3107	F	44	8	03029
3108	F	-24	5	82770
3109	F	32	3	77478
3110	F	50	4	77774
3111	F	42	1	33676
3112	F	22	1	61018
3113	F	16	5	96802
3114	F	28	3	55572-8455
3115	F	7	7	59960
3116	M	-9	6	05555
3117	M	42	0	81199
3118	F	30	1	13970
3119	m	11	2	87394
3120	F	19	3	54606
3121	M	35	6	45816
3122	M	42	1	21283
3123	F	32	9	74713-5838
3124	M	50	4	09033
3125	M	35	9	49613-5858
3126	M	38	1	17869
3127	F	21	9	09577
3128	m	-22	7	16629
3129	f	14	8	29425-6328
3130	M	37	1	37546
3131	F	50	4	99184
3132	M	41	1	09995
3133	F	24	4	10724
3134	F	33	9	21606
3135	F	19	7	44167
3136	m	-39	3	12297
3137	M	17	0	23875
3138	F	49	7	09386
3139	F	38	4	93556
3140	M	47	8	93215
3141	F	41	5	28407
3142	F	26	8	06688
3143	F	54	9	89996
3144	F	41	8	22197
3145	m	13	6	85490
3146	F	-23	3	82895
3147	F	13	9	44075
3148	F	32	7	88127
3149	f	28	5	58564
3150	M	39	1	66933
3151	M	39	1	09667
3152	F	33	6	06541
3153	M	29	0	19578
3154	M	48	6	26223-7024
3155	f	49	3	60177
3156	F	9	1	83352
3157	F	41	1	59300
3158	F	18	1	00833
3159	F	31	1	65029
3160	F	22	6	76269
3161	M	9	8	44443
3162	M	39	2	77178
3163	F	31	0	89136
3164	M	55	0	14107
3165	F	15	3	97158
3166	M	39	4	42263
3167	F	37	5	72415
3168	M	38	9	70998
3169	F	27	2	91639
3170	F	49	6	78587
3171	f	8	2	90544
3172	f	12	4	85450
3173	M	39	0	13606
3174	M	-16	8	72401
3175	F	33	5	84671
3176	M	32	5	55599-6732
3177	M	30	2	85474
3178	M	30	9	80523
3179	F	50	4	92477
3180	M	52	7	95406
3181	M	19	8	04633
3182	M	12	2	33440
3183	F	37	6	47574
3184	F	17	2	30214
3185	F	-30	7	95405
3186	F	35	2	72067
3187	M	28	2	56875
3188	F	9	5	79965-6091
3189	M	21	7	42867
3190	F	42	2	59318
3191	F	33	2	08929
3192	F	50	1	30047
3193	m	10	1	61309
3194	M	20	6	95815-2980
3195	F	-18	5	07973
3196	M	46	4	54427
3197	F	24	9	04782
3198	F	15	1	48958
3199	M	20	6	48627
3200	M	10	0	33468
3201	f	-41	4	64653
3202	M	10	4	30327
3203	F	20	0	76048
3204	m	54	2	75300
3205	f	20	1	66871
3206	f	21	4	37025
3207	F	28	4	37710
3208	M	20	2	11804
3209	M	37	4	76985
3210	M	19	8	11860
3211	m	-10	3	64796
3212	F	12	8	35949
3213	F	10	7	30074
3214	F	-27	7	64094
3215	M	8	4	86983-2784
3216	M	34	4	70206
3217	F	25	4	11481
3218	m	21	9	43723
3219	M	7	6	18855
3220	F	35	9	88718
3221	F	33	8	21247
3222	M	43	0	21708
3223	M	55	2	88095
3224	M	40	2	52446
3225	F	12	9	09595
3226	F	8	7	10578-4088
3227	m	14	7	29857
3228	F	43	7	18202-2050
3229	F	-19	8	31086
3230	M	53	9	83346
3231	M	56	9	40131
3232	M	29	5	59021
3233	F	14	2	13851
3234	M	10	0	11285
3235	M	41	5	25761
3236	F	12	5	29261
3237	F	11	9	42318
3238	F	20	1	07567
3239	F	-55	2	78001
3240	M	11	5	39660
3241	M	-52	9	05589
3242	F	20	3	15133
3243	F	-50	6	86982
3244	F	13	9	34620
3245	F	35	6	79017
3246	M	-51	1	38998
3247	M	49	8	72217
3248	F	42	2	19999
3249	F	56	5	94047
3250	M	12	3	56067
3251	F	17	5	71999
3252	F	54	9	58217
3253	M	7	8	30883
3254	f	-51	9	56258
3255	f	-53	0	66576
3256	M	55	1	80607
3257	M	26	7	79215
3258	M	-56	2	27201
3259	M	32	1	63949
3260	M	29	6	49236
3261	M	16	4	75291
3262	F	30	3	96746
3263	M	33	2	62085
3264	F	15	9	41659
3265	F	49	2	18194-5116
3266	M	40	2	75453
3267	F	34	7	74620
3268	F	44	4	72471
3269	M	-52	3	94956
3270	F	34	6	02118
3271	M	20	2	36572
3272	F	-42	7	88486
3273	M	33	6	52602
3274	F	12	1	17557
3275	F	14	8	56969
3276	M	10	3	91879
3277	M	7	8	86714
3278	F	-28	0	43956
3279	F	30	7	69775
3280	M	39	1	49843
3281	M	9	7	10831-7823
3282	M	19	6	41668
3283	F	39	0	74161
3284	F	23	4	91109
3285	F	11	4	47423
3286	F	28	5	47543
3287	m	22	7	34142
3288	F	11	7	31123
3289	F	27	8	11096
3290	F	24	6	58165
3291	M	40	3	49333
3292	f	16	9	19771
3293	F	26	1	35884
3294	F	-54	8	19182
3295	F	10	2	04645
3296	F	23	7	02211
3297	F	55	5	51129
3298	M	43	8	55316
3299	F	25	7	94122
3300	M	18	7	58439
3301	M	13	9	27081
3302	M	52	5	43031
3303	F	17	4	02144
3304	M	31	2	84221
3305	F	33	2	06474
3306	M	40	3	97246
3307	M	13	0	25563
3308	M	-43	6	05938
3309	M	-50	3	40667
3310	F	18	5	23131
3311	F	9	2	06922-2622
3312	M	38	9	66535
3313	F	14	8	80973
3314	M	42	2	97735
3315	M	33	0	45032
3316	M	52	1	18976
3317	F	9	6	66052
3318	M	55	6	34973
3319	M	-25	8	60563-6031
3320	f	13	9	85838
3321	M	28	3	24918
3322	F	-53	6	38570
3323	M	29	0	41126
3324	F	19	3	63090
3325	F	48	9	73431
3326	F	25	1	88307
3327	M	31	4	34060
3328	M	16	5	61706
3329	M	-32	8	03341
3330	F	32	2	15991
3331	M	48	3	36444
3332	M	36	8	12470
3333	F	14	9	83692
3334	M	50	5	72514
3335	M	-42	0	94327
3336	F	8	4	45714
3337	F	-39	6	80714
3338	F	30	1	21316
3339	M	22	0	54329
3340	M	45	1	60364
3341	F	44	1	18679
3342	m	35	6	42656
3343	F	-30	7	87600-0852
3344	M	47	4	66401
3345	f	46	6	25183
3346	F	-30	3	61578-6863
3347	F	39	3	79513
3348	M	45	8	00030
3349	M	40	2	04295
3350	F	42	5	44372-5063
3351	M	45	0	27002
3352	M	-18	2	56568
3353	F	9	3	18676
3354	F	19	7	81019
3355	F	41	6	34696
3356	f	46	2	73264
3357	F	21	2	11324
3358	M	7	1	26991
3359	M	39	8	76148
3360	F	43	2	61551
3361	M	20	8	74919
3362	F	46	3	23181
3363	M	12	2	81599
3364	M	46	4	76755
3365	M	52	2	08525
3366	M	41	9	14520
3367	F	25	2	22516
3368	F	-55	0	84016
3369	M	32	3	62349
3370	F	27	5	38642
3371	M	25	0	89692
3372	F	51	6	09565
3373	F	-24	9	05509
3374	F	50	7	47575
3375	F	37	4	46510
3376	M	7	6	16170
3377	F	11	0	93542
3378	F	48	6	07672
3379	M	23	2	37718
3380	M	33	8	31009
3381	M	31	6	56780
3382	m	14	8	94004-0480
3383	M	14	2	86039-7315
3384	M	7	9	84486-0986
3385	F	27	8	96028-6537
3386	M	37	2	33621
3387	f	13	0	76956
3388	M	49	0	39897
3389	M	42	4	67118
3390	F	12	0	82233
3391	F	49	9	92744
3392	F	26	3	22463
3393	F	42	3	96923
3394	M	-35	0	00007
3395	M	48	5	32452
3396	F	23	8	88396
3397	F	46	8	07287
3398	F	18	4	48972
3399	M	32	2	66290
3400	M	14	4	67148
3401	F	-33	8	43572
3402	M	51	2	71105-6244
3403	F	50	0	36820
3404	F	32	8	83222
3405	M	9	3	39013
3406	F	38	4	94417-4230
3407	F	33	8	37275
3408	M	55	4	03025
3409	M	9	0	14153
3410	F	47	8	42315
3411	M	24	1	07540
3412	M	29	6	31091-3541
3413	M	12	2	53201
3414	F	44	5	62906
3415	F	55	8	06933-6870
3416	M	-35	0	26519
3417	F	-24	4	72072
3418	M	55	0	95328
3419	F	17	3	29154
3420	f	48	6	27157
3421	F	20	1	02246
3422	F	15	3	57350-4012
3423	M	50	8	91782
3424	M	26	1	48778-2670
3425	M	-9	3	81325
3426	f	40	8	09749
3427	F	20	9	55285-4355
3428	M	22	3	10986
3429	M	-26	6	90760
3430	M	29	0	34767
3431	M	35	5	11914
3432	M	-34	9	29834
3433	M	50	4	85376
3434	F	16	1	15395
3435	F	11	9	90193
3436	M	51	2	84342
3437	M	14	9	44083
3438	F	27	9	24311
3439	M	31	0	68329
3440	M	44	8	38609
3441	M	46	9	36377
3442	F	31	5	03868
3443	M	36	1	23903
3444	M	12	8	85947
3445	F	11	1	93432
3446	F	44	4	79287
3447	F	16	8	74848
3448	F	13	8	09014
3449	F	29	5	30114
3450	F	-26	7	05347
3451	M	37	6	46095-4333
3452	F	7	6	69832
3453	f	-15	3	93853
3454	M	15	1	29491
3455	F	7	2	96268
3456	F	12	8	83001-1779
3457	M	22	8	62149
3458	M	12	5	88571
3459	M	9	6	73869
3460	M	47	1	16602
3461	M	-47	0	34660
3462	F	-32	1	20034
3463	f	11	4	81197
3464	M	-38	9	28043-0659
3465	M	41	0	27635
3466	F	40	2	63590-4363
3467	M	39	5	87466
3468	F	43	6	75255
3469	M	21	6	98041
3470	M	34	1	37020
3471	F	39	9	51265
3472	M	42	7	34508
3473	F	12	9	79366-2307
3474	F	21	6	49014-0824
3475	M	15	9	18832-0490
3476	M	33	8	51725
3477	F	47	7	01137
3478	F	34	3	78421
3479	M	12	4	02075
3480	F	50	3	23984
3481	M	47	2	70975
3482	M	37	6	08982
3483	M	34	4	85330
3484	F	16	1	08366
3485	M	45	0	91040
3486	M	39	9	89977
3487	M	17	6	75410
3488	M	15	1	86911
3489	F	46	9	88264
3490	M	-14	0	08718
3491	F	14	7	79387
3492	F	42	6	96082
3493	M	7	9	32605
3494	M	17	4	99460
3495	F	53	9	36808
3496	F	8	5	15478
3497	f	24	5	23675-2039
3498	M	49	3	83313
3499	F	24	2	30649
3500	M	22	6	18933
3501	m	11	2	71441
3502	F	25	7	07326-5184
3503	f	19	4	69406
3504	F	32	4	63915
3505	M	-15	3	93372
3506	F	51	6	65583
3507	M	-40	7	25332
3508	M	20	6	06010
3509	F	41	3	91232
3510	M	20	2	54302-0948
3511	F	-11	0	07283
3512	M	-36	9	98663-7324
3513	F	18	1	91296
3514	F	31	6	73963
3515	F	15	6	23911
3516	F	48	1	13156
3517	F	28	9	92369
3518	m	22	7	41739
3519	M	50	0	73597-3236
3520	F	12	7	14314
3521	F	34	7	90249
3522	M	21	6	53614
3523	F	31	4	55661
3524	F	45	1	18733
3525	f	42	5	48220
3526	F	28	3	34619
3527	M	17	5	62798
3528	M	27	1	40368
3529	f	7	7	95859-1458
3530	F	39	4	76646
3531	F	-51	1	33191
3532	M	22	4	85977
3533	F	29	0	62930
3534	F	18	0	61169-5451
3535	M	55	1	59708-9293
3536	M	15	8	47389
3537	M	49	7	72812
3538	M	39	9	76085
3539	F	51	3	63716
3540	F	28	1	76800
3541	F	17	9	82291
3542	F	51	7	67574
3543	F	26	5	69779-3431
3544	M	8	2	08084
3545	F	-8	4	34154
3546	M	-12	8	18910
3547	M	36	1	72394
3548	M	35	3	48706
3549	M	41	4	48965
3550	F	19	4	11546
3551	F	20	7	80979
3552	f	30	5	13597
3553	m	38	6	90371
3554	M	50	4	08811
3555	M	38	3	01165
3556	F	7	0	01410
3557	f	-33	1	75198
3558	m	51	0	93316-5806
3559	F	47	2	62089
3560	M	10	1	88801
3561	F	39	3	16336
3562	M	16	1	05323
3563	M	39	3	82589
3564	F	-53	0	99400
3565	F	18	6	06193
3566	M	40	0	75020
3567	M	25	1	98379
3568	M	33	4	02784
3569	F	23	3	34748
3570	F	25	9	60919
3571	F	20	8	62953
3572	M	38	4	12507
3573	F	-22	3	73748
3574	F	28	1	51840
3575	F	12	1	69451
3576	F	31	2	11046
3577	F	30	3	82968
3578	F	17	2	51437
3579	M	9	5	91213
3580	F	31	4	59476
3581	F	47	6	35024-5170
3582	F	22	4	54261
3583	M	14	0	39260
3584	f	28	0	27527
3585	F	34	2	58953
3586	m	30	6	70452
3587	F	53	9	85564
3588	M	-54	1	99246
3589	M	43	2	25135
3590	F	37	5	08379
3591	M	7	5	28332
3592	M	29	5	59611
3593	M	39	1	78276
3594	M	35	0	23275
3595	F	30	1	70627
3596	M	-44	0	72687
3597	F	24	4	43308
3598	F	36	3	69618
3599	M	34	1	74213
3600	M	17	6	87598
3601	M	39	2	31323
3602	F	29	6	95601-6876
3603	F	10	7	84256
3604	F	48	6	48762
3605	M	48	7	21479
3606	M	48	9	26988
3607	F	8	0	51877
3608	F	36	3	95121
3609	M	44	8	48330
3610	M	46	6	11717
3611	M	50	7	56481
3612	M	12	1	86882
3613	M	51	2	02784
3614	M	55	9	46776
3615	M	28	6	64626
3616	F	-16	1	59572
3617	F	37	4	23840
3618	M	18	7	64579
3619	M	22	6	48788
3620	M	-22	3	16779
3621	M	10	2	91920-4301
3622	M	7	7	61871
3623	M	16	5	10413
3624	F	9	5	03125
3625	M	44	7	53008
3626	F	17	1	72252
3627	F	16	5	28878
3628	F	48	5	29160
3629	M	23	3	06567
3630	M	25	8	58988
3631	f	13	5	50580
3632	F	21	7	73512-0393
3633	F	-55	8	70365
3634	F	53	0	82437
3635	F	28	1	16934
3636	F	52	5	60909
3637	F	52	6	87989
3638	M	18	1	16349
3639	m	45	8	68305
3640	M	16	7	72131
3641	F	37	8	69643
3642	M	23	8	98122
3643	M	27	7	56145
3644	M	47	9	61600-2614
3645	M	35	1	45653
3646	F	38	3	61576
3647	M	22	1	30810
3648	F	19	6	42594-4240
3649	M	36	7	92458
3650	F	42	7	38811
3651	M	41	3	44051
3652	M	12	9	59294
3653	F	13	8	19066
3654	M	-14	2	04534
3655	F	7	3	46262-3940
3656	F	26	9	55384
3657	m	51	5	52190-8183
3658	M	25	6	02787
3659	M	53	2	39712-3673
3660	M	28	2	49375
3661	F	41	0	72804
3662	F	12	0	75838
3663	F	-7	9	39464
3664	F	-54	3	57840
3665	M	8	7	61201
3666	F	54	8	48563
3667	F	53	8	79006
3668	M	32	6	24832
3669	M	41	8	65540
3670	M	24	9	81650
3671	M	20	4	28000
3672	M	49	4	67901
3673	F	52	4	54145-9264
3674	M	39	3	84737-4730
3675	F	48	2	36879-9954
3676	M	54	3	56431
3677	M	17	7	04645-1840
3678	F	52	0	46606
3679	F	36	3	47436
3680	f	13	1	25486
3681	F	9	4	41659
3682	F	40	4	90222
3683	M	21	4	85179
3684	M	37	5	55027
3685	m	40	8	10424-9794
3686	M	44	4	11946
3687	F	12	6	27213
3688	m	19	7	53046
3689	F	56	1	16011
3690	F	12	5	80493
3691	F	16	0	81024
3692	M	43	1	27890
3693	M	24	2	22579
3694	m	36	8	54163
3695	M	28	0	97508
3696	F	12	1	60110
3697	F	-34	7	99022
3698	F	12	1	96520
3699	F	53	3	68640-7294
3700	F	29	1	98672
3701	M	15	9	36192
3702	F	28	6	93993-2401
3703	M	51	1	28965
3704	M	18	9	31835
3705	M	30	9	44869-8027
3706	M	47	4	79646-1682
3707	F	56	7	61469
3708	M	49	0	18441
3709	M	38	8	82330
3710	f	38	3	06703
3711	M	9	1	12407
3712	M	34	9	31177
3713	F	8	5	58260
3714	M	11	5	57684
3715	M	56	2	29640
3716	F	34	5	28999-7384
3717	F	53	8	02905
3718	M	18	6	54500
3719	M	-17	6	34071
3720	F	8	4	57109
3721	F	38	0	89832
3722	f	8	3	08196
3723	F	7	3	05455
3724	M	51	5	00029
3725	M	24	1	75824
3726	F	55	8	24185
3727	F	42	4	64770
3728	F	16	8	21516
3729	F	15	2	74374
3730	M	-39	1	98225
3731	M	44	1	29331
3732	F	55	6	33715
3733	F	21	5	83464
3734	M	-22	3	15162
3735	M	43	0	59171
3736	f	38	0	70193
3737	F	49	9	99159
3738	M	51	5	60119
3739	M	22	3	65851
3740	M	16	6	30072
3741	M	43	6	61846
3742	F	12	2	03624
3743	M	7	2	29770
3744	M	7	4	79210
3745	F	48	6	21039
3746	F	43	0	94221
3747	f	10	2	33668
3748	M	13	5	41702
3749	F	45	6	68188
3750	F	34	2	13182
3751	F	52	7	97043
3752	M	23	7	49260
3753	M	53	3	83987
3754	M	27	2	48171
3755	M	23	9	80141-2272
3756	M	33	3	52600
3757	M	52	1	64613
3758	M	-10	8	00140
3759	M	10	3	94916
3760	F	9	6	28732
3761	F	44	8	15072
3762	F	50	6	99944
3763	M	12	5	56442
3764	f	48	6	95208
3765	M	54	6	42454
3766	F	41	8	40539
3767	F	16	9	02967
3768	F	20	3	92571-7321
3769	M	-40	8	65241
3770	F	46	2	85673-8273
3771	F	38	7	48160
3772	F	19	9	22932
3773	F	45	7	50998
3774	F	49	0	99317
3775	m	30	4	98819
3776	m	-22	9	60480
3777	F	-30	4	09559
3778	f	9	2	44806
3779	M	40	7	23781
3780	F	-20	6	75013-1765
3781	M	16	8	68840
3782	F	24	8	10996
3783	F	-51	8	37300
3784	M	-43	1	89206
3785	M	50	5	41895
3786	M	15	4	29186
3787	F	51	9	95358
3788	M	45	7	14309
3789	F	47	0	92977
3790	M	-48	7	48862-1673
3791	M	42	5	69232
3792	M	27	5	23550
3793	M	37	9	54757
3794	M	36	0	17544
3795	M	-9	6	56849
3796	m	28	3	35387
3797	M	7	8	57476
3798	F	16	6	36588
3799	M	54	7	31852
3800	F	7	7	49278
3801	M	20	3	06260
3802	F	37	6	74055
3803	F	22	0	38656
3804	F	54	4	65787
3805	F	21	5	00463
3806	F	46	7	24999
3807	F	54	4	31717
3808	F	18	5	48960
3809	F	22	5	20774
3810	F	25	8	29104
3811	F	27	7	79777
3812	F	55	9	68514
3813	F	-52	2	54132
3814	M	55	5	89441
3815	M	-52	4	06541
3816	f	18	2	44181-9594
3817	M	55	6	62419
3818	M	42	0	64866
3819	F	21	1	44035
3820	F	51	7	89380
3821	M	27	3	96199
3822	F	41	1	43582
3823	F	56	2	31164
3824	M	9	1	74646
3825	F	-38	4	85568
3826	M	27	4	66852
3827	M	-23	5	83110
3828	F	11	8	58757
3829	M	9	6	35368-6072
3830	F	26	7	29477
3831	F	-48	1	44706
3832	F	-43	4	01135
3833	M	23	7	11251
3834	F	31	0	58500
3835	F	8	4	91031
3836	M	7	2	85716
3837	M	24	9	85777
3838	F	53	5	36319
3839	M	11	2	23520-7449
3840	M	18	7	86873
3841	M	35	5	12685
3842	M	16	8	69819
3843	F	46	8	28596
3844	f	54	2	97292-2740
3845	F	14	7	81900
3846	F	49	9	21350-8996
3847	F	31	7	92538
3848	M	10	0	21049
3849	F	33	7	38368-5731
3850	M	-23	9	20686
3851	M	-31	5	37417
3852	F	23	5	06363
3853	M	12	4	71831
3854	F	26	2	84819-8810
3855	F	24	1	89452
3856	M	55	0	50229
3857	M	54	5	49507
3858	F	45	0	23131
3859	M	39	6	00639
3860	M	49	0	88630
3861	M	34	1	39409
3862	F	45	6	45012
3863	M	16	2	69548
3864	F	11	6	51591
3865	M	19	2	29167
3866	M	55	4	09955
3867	F	34	8	19561
3868	M	34	6	37242
3869	M	7	5	67465-5723
3870	M	41	7	30925
3871	M	33	9	33084
3872	M	33	4	62708
3873	F	-21	3	13141
3874	M	22	2	73939
3875	M	53	1	46295
3876	M	36	4	23977-3655
3877	M	36	9	48028
3878	M	30	7	46100
3879	M	-47	8	07481
3880	F	26	6	64194
3881	F	21	0	24873
3882	F	33	4	47360
3883	F	10	8	17401
3884	F	30	5	66755
3885	M	11	0	33742
3886	F	16	3	68266
3887	F	28	2	64827
3888	F	34	6	52622-5336
3889	F	17	9	68967-2825
3890	M	26	6	04101
3891	M	-32	6	17829
3892	M	14	2	65637-6309
3893	F	15	8	77317
3894	M	40	2	50891
3895	F	26	6	48183
3896	M	37	1	51285
3897	M	14	0	61390
3898	M	36	7	78867
3899	F	49	8	23890-0195
3900	M	46	4	53905
3901	m	38	2	62302
3902	f	-25	9	44720
3903	F	56	9	65239
3904	M	47	4	55215
3905	M	34	2	63415-0018
3906	F	48	7	65067-8118
3907	F	11	6	37610
3908	F	26	0	02509-8781
3909	M	35	5	75091
3910	F	42	1	47629
3911	M	-43	9	29551
3912	M	49	8	85462
3913	f	38	6	37553
3914	M	-55	7	16881
3915	F	39	0	74409
3916	M	40	0	51907
3917	F	41	9	11461
3918	M	9	4	36806-2993
3919	M	41	6	79631
3920	F	16	8	89676-8283
3921	F	28	6	41323-5500
3922	M	7	1	75044
3923	M	13	9	12952
3924	F	50	5	70833
3925	F	23	9	00543
3926	M	25	1	81197
3927	F	39	7	22067
3928	m	22	2	11502
3929	M	42	8	06094-1630
3930	M	-40	9	33644
3931	M	39	1	54341
3932	F	17	2	44151
3933	M	-40	6	29025
3934	F	19	0	88999
3935	F	19	7	93510
3936	M	29	9	45624
3937	F	44	9	02648-5959
3938	F	19	5	06201
3939	F	53	5	86160
3940	F	-46	2	23283
3941	F	28	3	31511
3942	M	40	7	30386
3943	F	8	5	42030
3944	F	54	5	71249
3945	F	41	5	96867
3946	F	26	1	69070
3947	F	50	0	92497
3948	M	32	1	05260
3949	M	-17	9	94121
3950	M	26	1	89656
3951	F	43	9	24204
3952	M	42	6	24016
3953	M	51	1	74189
3954	F	46	2	10056
3955	F	33	9	43516
3956	M	-45	9	10054
3957	M	43	8	84178
3958	M	44	2	47647
3959	F	16	1	32888
3960	F	12	6	75920
3961	M	47	1	83077
3962	M	44	1	20572
3963	M	26	3	69686
3964	F	21	8	04090-2421
3965	M	7	1	81460
3966	F	-40	3	16465
3967	F	16	3	45342
3968	M	9	0	03783
3969	F	-25	4	93970
3970	F	16	7	19602
3971	M	31	0	91697
3972	M	22	8	91793
3973	f	14	1	24431-0754
3974	F	52	7	84723
3975	M	26	0	37314
3976	F	56	8	61451
3977	F	39	8	18900
3978	M	14	3	50632
3979	F	-48	8	37618
3980	m	34	8	80962
3981	f	14	4	93640
3982	M	42	7	72340
3983	M	40	1	45128
3984	M	47	2	93725-4312
3985	f	40	9	52808
3986	M	8	4	18388
3987	M	25	2	38581-6603
3988	F	23	9	28665
3989	F	16	5	47147
3990	F	35	3	10047
3991	m	42	0	97056
3992	M	16	4	13157
3993	M	11	5	89052
3994	M	42	8	99651
3995	M	21	0	75293
3996	M	50	7	99634
3997	M	34	4	96153
3998	M	36	9	06586
3999	M	31	8	25543
4000	F	53	8	60469
4001	M	-12	0	09795
4002	F	11	3	36186
4003	M	56	9	87884
4004	M	22	6	24351
4005	F	42	6	99321
4006	F	47	4	08689
4007	M	55	6	80647
4008	M	24	9	42083
4009	M	17	9	13623-3417
4010	F	45	2	86690
4011	F	20	1	25472
4012	M	14	6	56238
4013	f	48	5	97303
4014	F	11	1	51084
4015	M	29	9	11797
4016	m	38	8	22458
4017	F	49	6	79469
4018	M	22	9	69169
4019	M	25	2	36729
4020	M	8	3	15026
4021	M	39	9	71595-8857
4022	m	30	4	36235
4023	F	8	3	04425-3640
4024	f	56	2	01588
4025	F	32	5	40101
4026	F	18	4	00462
4027	M	30	1	37658-2023
4028	F	-15	6	30862
4029	F	8	1	34098
4030	F	16	2	77523
4031	F	52	2	61284
4032	m	17	5	25071
4033	F	-53	4	27897
4034	M	39	2	36845-3400
4035	F	27	1	13906-6644
4036	M	25	7	48150
4037	M	11	4	01758
4038	M	48	0	33745
4039	F	52	4	67971
4040	F	14	2	43921
4041	M	19	1	16079
4042	M	9	5	01509
4043	F	39	8	15238
4044	M	20	3	35239
4045	F	17	0	01555
4046	M	-38	5	28010
4047	M	23	1	70439
4048	M	43	1	37031
4049	M	14	8	53333
4050	M	41	7	81265
4051	F	12	2	70768
4052	F	10	4	85988
4053	F	22	5	89472
4054	F	55	0	92142
4055	M	26	3	53930
4056	M	7	8	79416
4057	F	50	2	61815
4058	M	30	9	34604
4059	F	39	0	84771
4060	M	10	1	41703
4061	M	12	1	30054
4062	M	9	5	03551
4063	F	17	7	34465
4064	F	8	0	29611-6910
4065	M	35	2	78878
4066	F	36	5	54037
4067	M	12	7	50366
4068	F	15	0	88183
4069	F	20	9	56164
4070	M	18	7	26635
4071	F	23	7	90003-9640
4072	F	10	5	57513
4073	F	49	9	63701
4074	F	50	2	81199
4075	m	34	9	00475-3319
4076	F	-30	6	71824
4077	M	17	3	95691
4078	M	39	8	44379-2310
4079	F	30	6	15873
4080	F	35	0	37801
4081	F	42	0	23700
4082	M	44	5	07775
4083	M	-56	7	75318
4084	m	32	2	27459
4085	M	-16	4	94558
4086	M	15	1	05709
4087	M	16	6	52631-9460
4088	F	-14	0	55896-7046
4089	F	-49	1	91842
4090	M	16	9	34168-3199
4091	M	16	5	68179
4092	F	52	6	78297
4093	F	-52	6	55098
4094	m	19	7	31665
4095	F	36	3	95958
4096	F	-47	2	48066
4097	M	-27	2	48667
4098	F	10	2	78074-5555
4099	F	33	1	68546
4100	M	26	2	00161
4101	F	51	7	71484
4102	F	14	5	04486
4103	F	24	8	38137
4104	f	47	9	31175
4105	M	39	5	43060
4106	F	56	7	22406
4107	M	29	9	60843
4108	F	18	4	03134
4109	M	33	2	85199
4110	F	-19	7	67831
4111	F	31	6	24072
4112	F	46	3	43161
4113	M	29	2	07192
4114	M	40	2	41713
4115	M	30	6	39649
4116	F	11	6	01833
4117	M	53	4	89502
4118	M	33	4	79318
4119	m	52	0	32129
4120	F	22	6	01978
4121	M	46	9	66429
4122	F	51	2	46843
4123	M	35	4	89395
4124	M	50	9	60017
4125	M	9	2	38222-2803
4126	F	49	5	99360
4127	F	54	6	15999
4128	M	33	3	91157
4129	m	19	8	59392-1757
4130	M	30	4	77334
4131	M	38	7	49457
4132	M	13	8	18983
4133	F	56	2	46287
4134	F	40	7	92514
4135	M	10	9	66048
4136	F	28	1	33421-4097
4137	M	55	9	21355-1988
4138	F	43	4	12313
4139	F	21	0	41617
4140	M	9	5	29329
4141	m	42	9	39356
4142	F	24	5	20767
4143	F	47	2	71819
4144	F	46	0	48788
4145	M	16	5	76161-6386
4146	M	31	8	70846-8793
4147	M	-19	2	30619
4148	F	-47	8	77577
4149	M	44	0	77174
4150	f	34	8	04884
4151	M	13	4	93699
4152	M	43	0	58721
4153	F	27	4	04757
4154	F	9	1	00537
4155	M	-7	5	08988
4156	M	31	0	92643
4157	M	50	0	98444
4158	M	21	6	79154
4159	F	10	8	56824
4160	M	37	7	92654
4161	M	31	8	72373
4162	M	50	6	29818
4163	F	28	2	35890
4164	M	45	7	29832
4165	M	44	6	29113
4166	M	24	6	28718
4167	F	43	9	09960-3737
4168	M	31	5	19908
4169	F	-23	1	27954
4170	F	43	4	45238
4171	F	13	8	72775
4172	M	11	2	81406
4173	M	19	8	32222-4921
4174	F	33	7	51049
4175	F	37	2	72839
4176	F	45	5	57186
4177	F	-40	2	39325
4178	F	32	3	03593-6031
4179	M	-42	1	51968
4180	M	53	9	07736
4181	F	14	4	72250
4182	F	15	4	26928
4183	M	25	8	43791
4184	M	38	3	12762
4185	M	11	4	34224
4186	M	-46	9	34318
4187	M	24	5	71138
4188	M	7	6	44952
4189	M	34	0	92357
4190	F	21	5	00599
4191	F	23	1	33558
4192	M	55	8	93954
4193	M	35	9	67258
4194	M	13	7	61180
4195	F	10	1	23758
4196	F	44	4	32668
4197	F	53	9	13255
4198	M	20	8	41745
4199	F	16	5	75029
4200	F	38	6	43797
4201	f	36	5	11996
4202	M	36	3	04717
4203	m	34	9	44622
4204	m	44	7	13939
4205	M	43	9	95449
4206	M	35	9	81737
4207	M	42	4	65756
4208	M	19	0	88202
4209	f	53	0	25724
4210	f	37	5	90500
4211	F	-30	9	54540
4212	M	46	2	66826
4213	F	10	4	97580
4214	F	27	4	67763
4215	M	43	0	27055
4216	F	21	9	71610
4217	F	32	0	71486
4218	M	13	1	11510
4219	M	-53	4	38819
4220	M	24	8	02178
4221	M	32	6	68622
4222	F	8	9	21097
4223	M	31	2	61499
4224	F	34	4	27590
4225	M	14	5	64023
4226	F	24	3	34824
4227	F	41	7	00466
4228	M	16	1	25584
4229	F	46	3	66468
4230	f	28	4	67375
4231	F	12	9	19934
4232	F	16	0	40322
4233	f	35	3	90228
4234	M	27	0	58472
4235	f	25	1	47380
4236	M	48	4	34210
4237	f	43	9	06109
4238	F	28	3	75416
4239	f	8	9	46363
4240	F	23	6	00928
4241	F	53	0	45726-0913
4242	M	51	0	26009
4243	F	49	2	51271
4244	F	19	6	54124
4245	F	7	8	26484
4246	m	7	3	58086
4247	F	14	9	84654
4248	f	24	6	56648
4249	F	14	1	35152
4250	F	7	9	63039-8810
4251	M	15	0	77994
4252	F	7	8	88630
4253	M	19	9	02977
4254	F	36	8	84582
4255	F	35	0	69733
4256	F	21	1	06756
4257	m	28	8	23858
4258	f	38	8	64572
4259	F	12	3	88586
4260	M	12	4	46277
4261	m	27	5	14069
4262	M	36	8	57580
4263	M	-7	0	58678
4264	F	35	8	93143
4265	M	49	7	42857
4266	F	31	0	57174
4267	M	25	8	26700
4268	M	7	9	78279
4269	M	56	6	97878
4270	F	39	1	93009
4271	f	11	7	09749
4272	f	47	6	94277
4273	M	9	4	25597
4274	F	14	4	44465
4275	M	44	7	17268
4276	F	46	5	87105
4277	F	55	3	08858
4278	M	42	7	33234
4279	M	28	4	86196
4280	F	48	1	06653
4281	F	10	9	59422
4282	F	15	3	90658
4283	F	48	3	64440
4284	M	-52	0	99238
4285	M	42	5	27140-1405
4286	M	-53	4	41966
4287	M	28	8	18152
4288	m	37	2	27910
4289	M	45	0	74346
4290	M	47	6	10652-6475
4291	F	7	3	55467
4292	M	-53	4	26172
4293	F	47	5	78573
4294	F	48	4	54899
4295	M	25	8	25684
4296	F	9	6	04623
4297	f	-26	2	99960
4298	F	10	7	20429
4299	M	-12	2	66415
4300	M	17	2	17154
4301	m	48	9	11708
4302	F	-43	6	95041
4303	M	12	2	36019
4304	F	22	8	72174
4305	F	43	2	23595-5826
4306	M	24	3	88205
4307	m	19	8	85397
4308	F	13	6	89613
4309	F	36	3	70954
4310	f	24	3	91045
4311	M	35	0	65655
4312	F	13	7	20150
4313	F	56	1	89040
4314	M	15	4	67623
4315	F	45	5	21271
4316	M	13	5	37690
4317	M	52	7	76299-8192
4318	M	22	3	98360
4319	M	13	7	69956
4320	F	50	9	89873
4321	F	26	5	23869
4322	M	18	3	00806
4323	M	34	3	93598
4324	m	17	6	02992
4325	M	44	4	39119-8607
4326	f	37	4	97151-1832
4327	f	41	3	22874
4328	F	21	6	76439
4329	F	20	2	05890
4330	M	34	0	67183
4331	M	9	6	83945
4332	M	43	3	93252
4333	M	34	8	95711
4334	F	14	0	73743
4335	f	52	2	82769
4336	F	46	7	59779
4337	F	8	4	72838-2391
4338	M	18	1	83913
4339	F	29	9	91188
4340	M	33	9	78538-7349
4341	M	28	5	70985
4342	F	28	4	45006
4343	F	42	1	70746
4344	M	31	0	83870
4345	M	55	2	32397
4346	m	32	0	01206
4347	F	31	1	34627
4348	M	55	0	36623
4349	M	20	3	19492
4350	M	9	6	04856
4351	F	53	7	74454
4352	M	23	3	80399-0048
4353	M	30	0	57512
4354	M	8	5	03572
4355	M	8	6	29083
4356	M	24	4	06478
4357	M	-19	1	89274
4358	M	41	1	24163
4359	f	55	8	72401
4360	M	47	8	89751
4361	F	24	2	18258-2364
4362	M	-23	3	66501
4363	F	18	6	81678
4364	F	54	5	91994
4365	M	35	7	10606
4366	f	25	8	52275
4367	M	-10	3	28195
4368	F	15	1	28570
4369	F	52	6	18405
4370	M	38	6	19901
4371	M	8	5	45713
4372	F	29	7	40304
4373	F	23	6	29253
4374	F	29	3	02697
4375	M	50	1	45317
4376	F	20	5	85984
4377	M	53	1	66075
4378	F	44	4	56982
4379	M	54	7	02894
4380	f	-46	1	50394
4381	m	44	6	85110
4382	F	46	5	64279
4383	M	15	8	41241
4384	F	25	1	40576
4385	F	39	1	62395
4386	F	38	8	59157
4387	M	-51	1	20887-4396
4388	M	44	2	49473
4389	F	52	3	70580
4390	M	54	7	26344
4391	F	51	0	70619
4392	M	18	9	32955
4393	M	24	1	35582
4394	F	50	5	67521-0018
4395	m	35	0	87041
4396	M	45	5	09569
4397	F	48	2	34380
4398	M	-31	1	88393
4399	F	27	1	04494
4400	M	-18	5	65081
4401	F	37	2	34082
4402	M	27	5	06127
4403	M	44	9	58895
4404	M	-22	1	30334
4405	F	-50	6	18573-9482
4406	F	23	7	35256
4407	F	40	9	20231
4408	F	50	6	35397
4409	M	43	5	12665
4410	F	30	5	97610
4411	f	39	1	82442
4412	F	46	1	02467
4413	f	19	6	21496
4414	M	35	5	12468
4415	F	18	1	66814
4416	M	14	3	62075
4417	M	28	9	59675-8801
4418	M	42	0	55761
4419	M	50	0	15601
4420	F	49	1	04890
4421	M	30	2	72332
4422	F	49	6	66255
4423	F	42	4	97247-2966
4424	M	15	0	20195
4425	M	20	8	12709
4426	F	34	3	15860
4427	f	7	3	55650
4428	f	7	3	94912
4429	m	50	6	36237
4430	F	-25	4	93604
4431	F	53	9	16508
4432	F	-35	2	55473
4433	F	34	4	58295
4434	M	25	5	65322
4435	F	46	5	92966-6849
4436	F	-39	2	72816
4437	F	10	1	45166
4438	M	19	9	69660
4439	F	11	0	54828
4440	F	20	1	48776
4441	M	-30	7	45430
4442	M	33	7	75538
4443	M	21	5	74044
4444	M	47	4	95067
4445	M	30	4	92420
4446	F	27	1	27435-9987
4447	M	47	4	96257
4448	F	33	5	06046
4449	F	32	7	39565
4450	M	31	5	34988
4451	M	8	9	79720
4452	M	40	3	29076
4453	M	44	9	89927
4454	F	35	3	82168
4455	F	46	4	83042
4456	M	12	2	73919
4457	F	13	9	83158
4458	F	8	4	74799
4459	M	17	8	60331
4460	F	38	0	27934
4461	f	32	3	24460-8158
4462	M	48	4	82934
4463	F	40	6	71849-7113
4464	F	20	3	67040
4465	M	54	2	18815
4466	M	24	8	87051
4467	F	37	2	68713
4468	F	23	3	61837
4469	M	25	8	55975
4470	F	17	5	99084
4471	M	37	8	90845
4472	M	39	2	40716
4473	F	9	5	57901
4474	M	21	2	10143
4475	F	45	4	05959
4476	M	14	8	06755
4477	M	40	8	10513
4478	F	28	2	94410
4479	M	39	8	31082
4480	F	32	9	86470
4481	m	47	7	96160
4482	F	20	2	82876
4483	F	45	5	11963
4484	M	40	5	94658
4485	M	43	9	66684
4486	M	50	8	30565
4487	M	13	3	92952
4488	F	19	8	46832
4489	M	43	9	84927
4490	M	12	6	70071
4491	F	8	1	51413
4492	F	47	2	34907
4493	M	7	1	30059
4494	F	10	1	14089
4495	F	-51	1	97572
4496	F	51	3	97430
4497	F	51	7	34944
4498	F	27	1	50454
4499	F	40	4	38823
4500	M	26	2	33349
4501	M	16	0	93834
4502	M	31	3	90730
4503	F	50	5	24437
4504	M	38	4	70362
4505	M	21	2	87542
4506	M	42	3	07305
4507	M	26	1	14457
4508	F	38	9	45814
4509	M	46	0	15377
4510	F	54	8	55152
4511	F	12	6	60002
4512	f	27	3	69707
4513	F	-29	7	79605
4514	F	47	4	56371
4515	F	-44	7	68251
4516	F	18	7	76796
4517	M	30	3	39031
4518	M	19	7	76449
4519	F	-20	6	66063-7424
4520	M	51	1	91092
4521	M	9	6	25763-6570
4522	f	42	7	81916
4523	F	-35	0	35494
4524	F	12	0	02664
4525	M	33	8	76665
4526	M	21	7	37538-3569
4527	M	34	2	82510-9848
4528	F	22	6	22426
4529	F	18	9	53304
4530	M	8	9	35031
4531	F	10	2	89430
4532	m	16	4	11612
4533	M	-45	9	02258
4534	M	45	4	99453
4535	F	37	4	31619
4536	F	9	8	88708
4537	F	51	8	55597-2511
4538	F	12	2	20383
4539	F	27	0	43088
4540	M	53	9	70692
4541	F	28	8	28604
4542	F	47	7	33800
4543	M	33	4	21335
4544	M	33	5	46029
4545	M	44	3	13292
4546	F	37	6	94104
4547	F	37	9	64658
4548	F	13	1	51692
4549	f	21	8	66866
4550	m	42	9	80336-5899
4551	F	33	4	25167
4552	F	51	7	81222
4553	F	46	0	97193
4554	M	-35	6	34411
4555	M	35	5	07635
4556	M	23	1	48408
4557	M	20	8	11757
4558	M	30	9	00883
4559	F	49	7	79987
4560	M	34	8	98859-2113
4561	f	17	8	44412
4562	M	15	4	56284
4563	F	16	6	22204
4564	M	-36	8	77895
4565	F	51	1	19299
4566	M	20	9	19963
4567	M	9	2	39910
4568	F	37	3	99780
4569	F	30	2	08315
4570	M	48	2	10538
4571	M	-8	3	78212
4572	m	29	9	60567
4573	M	55	1	47279
4574	m	-20	9	18077
4575	F	48	1	92036
4576	F	51	7	41438
4577	F	13	8	77476
4578	M	15	1	05287
4579	F	-21	0	17669
4580	F	43	9	33563
4581	M	22	6	30669
4582	F	15	4	49716
4583	M	33	4	36333
4584	F	32	5	51388
4585	M	31	5	04354
4586	M	9	1	15642-8932
4587	M	52	6	29055
4588	M	44	4	69472
4589	F	16	7	99849
4590	M	28	2	05159
4591	F	22	9	02688-5700
4592	M	-50	1	26672
4593	F	47	1	52292
4594	M	22	9	61258
4595	M	-7	5	71599
4596	F	43	0	91825-2775
4597	M	8	3	71630
4598	M	38	7	21736
4599	m	45	2	64803
4600	M	25	4	68098
4601	f	40	3	66456
4602	M	27	1	67359
4603	M	22	5	80386
4604	F	47	5	96514
4605	M	-46	1	51698
4606	M	9	1	41418
4607	F	19	4	59925
4608	M	45	8	30614
4609	F	48	4	38677
4610	F	40	9	73930
4611	M	12	2	29066
4612	F	23	7	61714
4613	M	34	5	65380
4614	M	23	5	35437
4615	M	16	2	72766
4616	M	37	0	73157
4617	M	27	2	35317
4618	F	48	4	54203
4619	M	39	0	72487
4620	M	33	6	67104
4621	M	32	7	00010
4622	F	21	7	65458
4623	F	-36	0	84403
4624	M	9	2	21021
4625	f	54	1	93922
4626	M	28	5	76153-2330
4627	F	35	6	29391
4628	F	8	5	26894
4629	M	18	0	49013
4630	F	29	9	67235
4631	F	40	5	16537
4632	M	-52	1	64254
4633	F	21	0	72532-3622
4634	M	7	1	68307
4635	F	38	5	19092
4636	M	50	3	61857
4637	F	41	5	97142
4638	M	56	6	85449
4639	F	52	7	80086
4640	M	25	0	83838
4641	F	16	2	15166
4642	F	54	6	59440
4643	M	10	6	43805
4644	m	47	2	90485
4645	F	-29	3	49404
4646	F	49	4	94112
4647	f	19	0	61945
4648	M	46	9	90074
4649	F	37	5	66791
4650	m	19	2	86011-5558
4651	M	-22	5	22995
4652	M	33	0	43352
4653	f	7	1	93438
4654	f	8	2	49744
4655	M	40	0	37812
4656	F	31	2	54792
4657	F	23	1	99543-5526
4658	F	8	0	76369
4659	F	37	4	67722
4660	M	54	8	18896
4661	F	10	0	37862
4662	M	46	2	80563
4663	F	52	5	16882
4664	F	56	6	63908
4665	M	53	3	17129
4666	M	16	4	36948
4667	F	22	7	01274
4668	f	24	2	00806
4669	m	53	4	55544
4670	M	26	3	49442
4671	F	-42	7	59804-4043
4672	M	43	1	75759
4673	F	41	7	27426
4674	F	17	8	05077
4675	M	16	8	02837
4676	F	33	5	25171
4677	M	26	6	24849
4678	F	25	2	97294
4679	F	-19	4	23058
4680	F	30	5	28020
4681	M	51	4	10460
4682	F	13	7	53358-5876
4683	F	-29	4	46932
4684	F	43	8	34374
4685	F	32	2	16261-1030
4686	F	26	5	53783
4687	F	53	8	13273
4688	F	8	2	61546
4689	M	11	5	13617
4690	F	41	1	28508-5392
4691	M	56	3	29916
4692	M	-29	6	31379
4693	m	22	5	18589
4694	M	20	0	46856
4695	F	26	7	94476
4696	F	-16	0	55542
4697	M	-22	5	65178
4698	F	-43	6	62454
4699	F	23	6	32489
4700	M	9	5	11832
4701	F	20	6	35829
4702	M	14	3	98807
4703	M	20	3	93277
4704	F	37	0	93770
4705	F	-50	2	04333
4706	M	35	3	39243
4707	F	26	2	50985
4708	F	42	0	73715-8040
4709	F	29	1	19482
4710	M	17	1	64953
4711	m	-9	9	71206
4712	M	31	2	79762
4713	M	15	5	75211
4714	M	39	3	85632
4715	M	50	2	05383
4716	F	34	3	26735
4717	F	54	9	33342
4718	F	41	4	27840
4719	F	28	7	50280
4720	M	22	9	02745
4721	M	47	9	02283
4722	F	51	2	67643
4723	M	56	9	39015
4724	F	7	9	94966
4725	M	17	3	50898-6458
4726	M	19	5	10673-8556
4727	F	55	8	56282
4728	m	51	4	81392
4729	F	27	3	50848
4730	M	15	4	31416-8228
4731	F	10	2	05559
4732	M	-55	7	33982
4733	m	8	4	24315
4734	F	-21	9	09076
4735	m	8	1	58773
4736	F	19	2	17576
4737	F	50	5	76110
4738	M	11	8	76809
4739	F	30	3	32117
4740	F	35	3	45930
4741	M	36	5	52041
4742	M	8	5	97409
4743	f	37	4	52452
4744	F	45	5	57693
4745	M	20	1	59804
4746	F	-19	0	81163
4747	M	41	8	38538
4748	F	56	1	41233
4749	f	17	7	35317
4750	F	30	2	81976
4751	F	17	9	73703
4752	m	38	6	91167
4753	M	54	2	63822
4754	F	51	4	51638
4755	M	8	5	23588
4756	M	56	3	08329
4757	M	33	0	97797
4758	F	20	7	00294
4759	F	28	1	60910
4760	m	19	3	23312
4761	F	28	2	65828-9987
4762	M	-39	8	83904
4763	M	8	0	86515
4764	f	19	9	91975
4765	m	13	9	20796
4766	F	45	1	85714
4767	F	-28	2	94705
4768	f	43	6	03619
4769	f	53	8	20112
4770	F	25	9	66757
4771	F	48	9	45223
4772	F	20	0	65049
4773	m	48	9	89202
4774	F	52	0	42681
4775	M	26	6	66622
4776	F	52	7	83160
4777	F	35	0	23203
4778	F	15	5	56158
4779	m	-46	5	94604
4780	M	51	4	00265
4781	M	49	9	64956
4782	F	32	0	13297
4783	M	9	4	19452
4784	F	37	9	00776
4785	F	39	8	13721
4786	M	27	6	57994
4787	M	37	6	96854
4788	M	15	9	70448
4789	M	37	6	65384
4790	M	36	8	64574-3808
4791	F	20	5	25342
4792	F	53	8	46803
4793	F	37	2	26177
4794	M	26	3	48773-0651
4795	M	45	8	49683
4796	F	27	1	56832
4797	F	14	7	99511-4499
4798	F	31	6	31833
4799	F	7	5	24854
4800	M	18	2	10613-5310
4801	M	29	8	47750
4802	M	35	1	33665
4803	M	8	6	29578-7253
4804	F	42	8	30860-0770
4805	M	16	0	75114
4806	m	50	1	51224
4807	F	13	2	11007
4808	F	14	3	77132
4809	F	25	8	86769
4810	F	27	0	60963
4811	F	37	5	07696
4812	F	13	6	15601
4813	M	18	7	11212
4814	F	33	1	63008
4815	M	50	2	43214
4816	M	25	4	46832
4817	F	22	5	03470
4818	M	-38	6	63945
4819	M	47	4	00638
4820	F	56	7	23744
4821	M	26	6	75509-2059
4822	F	7	9	51069
4823	F	7	7	32039-8896
4824	M	51	9	02068
4825	F	7	2	12641
4826	F	11	6	93514
4827	M	42	1	83350
4828	F	39	2	58770
4829	F	29	5	39866
4830	M	23	0	46953
4831	F	8	3	97132
4832	F	27	1	16564-8654
4833	F	36	1	61110
4834	F	28	9	10398
4835	F	25	7	76054
4836	F	30	7	14824
4837	F	17	0	15895-6144
4838	M	54	0	67269
4839	F	32	5	06531
4840	m	17	5	24722-7338
4841	F	26	0	46639
4842	F	-49	8	87245
4843	M	36	9	38267
4844	M	54	8	44839
4845	F	50	5	66644
4846	f	11	2	59167
4847	M	35	0	43395
4848	F	39	6	16353
4849	F	14	1	30156-4605
4850	F	12	2	88169
4851	F	45	9	24154-1019
4852	M	31	3	48785
4853	M	46	1	57621
4854	M	48	8	39803
4855	f	-35	5	06353-1501
4856	F	16	2	26997
4857	F	20	5	38273
4858	F	20	9	12808
4859	F	29	0	91862
4860	M	24	6	11464
4861	M	9	1	18812
4862	M	32	8	88879
4863	F	-55	5	03279
4864	F	40	7	09374
4865	M	16	5	95882
4866	M	16	8	33609
4867	M	49	2	84645-0154
4868	F	45	3	21575
4869	M	13	0	01189
4870	M	-20	9	61824
4871	M	13	5	15701
4872	M	56	5	14264
4873	F	21	3	04350
4874	M	9	4	25998
4875	F	-39	5	34222
4876	F	21	1	14501
4877	M	47	5	67011
4878	M	47	5	32832-4642
4879	F	46	5	70264
4880	M	48	5	05435-3322
4881	M	56	7	23292
4882	M	42	3	30639
4883	M	50	5	59842
4884	M	30	4	94059
4885	M	22	7	18255
4886	M	15	5	20695-4774
4887	F	44	7	44142
4888	F	27	8	89881
4889	F	54	3	25974
4890	M	54	6	54861
4891	M	38	4	09577
4892	M	25	8	89950
4893	f	7	3	47296
4894	M	14	8	08007
4895	F	37	1	31982
4896	F	28	0	57975
4897	F	9	8	66733
4898	F	19	6	78912
4899	M	8	6	94462
4900	F	35	6	03133
4901	M	56	5	75109-0702
4902	M	29	0	22030
4903	F	34	1	46397
4904	M	8	2	75280
4905	M	44	3	12945
4906	M	19	4	90705
4907	F	37	8	96117
4908	F	-21	4	74319
4909	F	45	9	98392
4910	F	31	3	01015
4911	F	33	6	09890
4912	m	51	7	47782
4913	F	12	9	90395
4914	M	22	4	54733
4915	M	-43	0	86201
4916	M	51	6	46643
4917	F	-9	7	76184
4918	m	45	3	28119
4919	M	23	1	23224
4920	M	23	2	43445
4921	F	24	4	86773
4922	F	44	9	85064
4923	M	40	0	99738
4924	F	44	6	83412
4925	m	29	0	08769
4926	M	-23	7	23275
4927	f	25	4	32777
4928	M	28	9	99621
4929	M	39	3	38815-2419
4930	m	35	0	73925
4931	M	12	9	96661
4932	F	23	0	80239
4933	f	53	9	21563
4934	F	36	6	82296-2582
4935	F	36	0	12339
4936	M	22	0	86049-4942
4937	F	15	8	48629
4938	m	12	5	81301
4939	F	-26	2	24522
4940	M	33	0	28512
4941	M	-28	7	09669
4942	m	12	5	97731
4943	F	45	4	22108
4944	M	12	8	94223
4945	f	21	1	72230
4946	f	16	6	08301
4947	f	56	7	08154
4948	F	44	0	11490
4949	m	56	5	40206-1221
4950	F	49	4	07340
4951	M	50	6	04642
4952	M	37	9	85851
4953	M	-51	4	95716-9663
4954	M	42	4	00120
4955	M	45	4	23267-8532
4956	F	8	0	10447
4957	F	56	6	67659
4958	M	-26	1	97146
4959	F	13	8	80033
4960	m	55	6	62444
4961	F	-35	6	26332-8718
4962	F	-44	1	07271
4963	F	15	4	65771
4964	F	56	1	13509
4965	F	30	5	03494
4966	F	8	4	86728
4967	f	37	1	32997
4968	M	21	5	41097
4969	F	41	7	75528
4970	F	21	3	75010
4971	F	54	8	50736
4972	M	20	5	82291
4973	M	7	0	62106
4974	F	34	9	34711
4975	F	45	7	61811
4976	F	11	5	06776-0625
4977	F	23	5	40733
4978	M	24	6	41541
4979	f	28	5	22013
4980	f	48	0	18324-8718
4981	F	33	0	34956
4982	M	30	8	69912-3345
4983	M	17	7	67749
4984	M	-22	1	23959
4985	f	41	0	50527
4986	M	-12	4	85152
4987	F	49	3	14738-1375
4988	F	32	0	46893
4989	M	39	9	39212
4990	M	-46	9	30458
4991	F	36	2	06012
4992	M	26	3	32130
4993	M	-31	1	99588
4994	F	33	8	77284
4995	M	25	2	89457
4996	F	36	4	16461
4997	M	23	1	71057
4998	M	29	7	87037
4999	F	52	5	30055
